10 0.23359375 0.778125 0.2875 0.44296875
8 0.34296875 0.76171875 0.33515625 0.4765625
5 0.44921875 0.53984375 0.05234375 0.1375
5 0.3984375 0.53828125 0.040625 0.096875
5 0.3546875 0.54921875 0.05078125 0.11484375
5 0.37578125 0.48046875 0.0578125 0.05234375
8 0.9109375 0.765625 0.178125 0.33515625
2 0.64296875 0.14296875 0.0578125 0.1515625
2 0.7078125 0.16328125 0.059375 0.16328125
2 0.7265625 0.3296875 0.025 0.07109375
2 0.70703125 0.34609375 0.02421875 0.065625
2 0.68125 0.33203125 0.04140625 0.0671875
2 0.6546875 0.32578125 0.03515625 0.084375
2 0.62421875 0.3328125 0.02109375 0.08125
2 0.60078125 0.328125 0.0328125 0.0765625
2 0.7390625 0.41875 0.0625 0.0734375
2 0.6859375 0.428125 0.04375 0.06015625
2 0.64453125 0.41875 0.03984375 0.06953125
2 0.61015625 0.42421875 0.0265625 0.09296875
2 0.65859375 0.48125 0.0265625 0.04453125
2 0.62421875 0.47734375 0.03671875 0.053125
2 0.73984375 0.475 0.0359375 0.07734375
2 0.690625 0.48515625 0.04765625 0.05703125
2 0.74296875 0.58125 0.04609375 0.0875
2 0.703125 0.5734375 0.053125 0.0875
2 0.65703125 0.5859375 0.0453125 0.08828125
2 0.59375 0.59453125 0.03125 0.084375
2 0.64609375 0.62578125 0.04609375 0.059375
2 0.72578125 0.63203125 0.05546875 0.0671875