8 0.65390625 0.878125 0.584375 0.24296875
7 0.8796875 0.63125 0.23984375 0.4671875
7 0.6765625 0.35390625 0.0640625 0.17109375
7 0.6171875 0.375 0.05546875 0.1828125
7 0.54140625 0.509375 0.07890625 0.1203125
7 0.365625 0.375 0.06640625 0.2625
11 0.41171875 0.48515625 0.18359375 0.1953125
2 0.2078125 0.2375 0.05703125 0.12109375
2 0.1703125 0.23046875 0.04140625 0.10625
2 0.13359375 0.2234375 0.046875 0.11328125
2 0.22421875 0.33125 0.03828125 0.1078125
2 0.18828125 0.33046875 0.0421875 0.1359375
2 0.14609375 0.32578125 0.04140625 0.13515625
2 0.11171875 0.33515625 0.04453125 0.1328125
2 0.209375 0.4671875 0.03984375 0.2109375
2 0.17890625 0.43984375 0.0453125 0.196875
2 0.14296875 0.45390625 0.05703125 0.20078125
2 0.10703125 0.45 0.0484375 0.1921875
2 0.21640625 0.61953125 0.0515625 0.15625
2 0.17421875 0.6 0.040625 0.1390625
2 0.14296875 0.61484375 0.05546875 0.18125
2 0.08046875 0.6625 0.0671875 0.259375
2 0.1796875 0.828125 0.103125 0.20859375
10 0.1875 0.90625 0.171875 0.1875
10 0.48203125 0.71796875 0.1921875 0.0828125
5 0.6296875 0.815625 0.0921875 0.10390625