8 0.43515625 0.77578125 0.57734375 0.4484375
7 0.8625 0.7796875 0.159375 0.440625
7 0.78046875 0.63203125 0.1234375 0.3671875
7 0.46953125 0.5265625 0.08125 0.19921875
7 0.2921875 0.39453125 0.090625 0.159375
7 0.29453125 0.61328125 0.096875 0.27734375
7 0.19765625 0.62265625 0.096875 0.365625
7 0.06171875 0.7203125 0.1234375 0.4109375
5 0.5546875 0.7484375 0.0359375 0.1171875
5 0.6234375 0.68515625 0.0484375 0.078125
5 0.409375 0.6921875 0.05078125 0.0703125
2 0.4046875 0.85234375 0.06953125 0.209375
2 0.5546875 0.62734375 0.04453125 0.1171875