10 0.8734375 0.6984375 0.1796875 0.484375
10 0.6484375 0.69921875 0.1390625 0.4765625
10 0.49609375 0.7296875 0.14921875 0.478125
10 0.3109375 0.7609375 0.1953125 0.478125
7 0.93515625 0.390625 0.109375 0.27265625
7 0.80625 0.41875 0.11796875 0.253125
7 0.4421875 0.3578125 0.08828125 0.25859375
7 0.3765625 0.35703125 0.06484375 0.24375
2 0.14453125 0.334375 0.03203125 0.1390625
2 0.11953125 0.325 0.0265625 0.1375
2 0.10234375 0.32421875 0.0359375 0.13984375
2 0.075 0.3375 0.0359375 0.12890625
2 0.0421875 0.3328125 0.03203125 0.1359375
2 0.0203125 0.3203125 0.040625 0.140625
2 0.17421875 0.32109375 0.04296875 0.13046875
2 0.40390625 0.43515625 0.04140625 0.128125
2 0.5328125 0.4375 0.07734375 0.12421875
2 0.603125 0.40859375 0.06328125 0.13046875