6 0.5671875 0.7 0.18984375 0.39453125
7 0.459375 0.46875 0.05546875 0.15703125
7 0.42578125 0.46015625 0.05703125 0.14921875
7 0.521875 0.45859375 0.03984375 0.1203125
7 0.55859375 0.44609375 0.0265625 0.14921875
7 0.63671875 0.4546875 0.0421875 0.15078125
7 0.67890625 0.46328125 0.0359375 0.146875
7 0.70859375 0.4453125 0.0515625 0.13984375
7 0.7546875 0.51171875 0.03671875 0.2265625
7 0.8078125 0.49453125 0.065625 0.23828125
7 0.91015625 0.52109375 0.05078125 0.22109375
7 0.95546875 0.503125 0.0546875 0.17109375
9 0.303125 0.53671875 0.23515625 0.24375
9 0.1234375 0.54375 0.246875 0.36640625