9 0.05625 0.5640625 0.1125 0.371875
3 0.52578125 0.52265625 0.91015625 0.93046875
7 0.9609375 0.72109375 0.078125 0.453125
7 0.9859375 0.759375 0.02734375 0.3828125
7 0.4125 0.1203125 0.0484375 0.15625
7 0.24921875 0.15234375 0.0515625 0.146875
7 0.3046875 0.15859375 0.059375 0.11328125
7 0.3734375 0.13828125 0.05234375 0.09765625
7 0.1453125 0.11796875 0.05234375 0.18828125
7 0.05703125 0.23203125 0.07578125 0.20078125
7 0.02265625 0.19765625 0.0453125 0.18203125
7 0.08359375 0.046875 0.03046875 0.09296875
7 0.0578125 0.04765625 0.021875 0.09453125
7 0.02421875 0.05703125 0.04375 0.11328125