10 0.45859375 0.734375 0.09609375 0.15078125
10 0.31796875 0.73359375 0.07421875 0.14921875
10 0.24609375 0.73046875 0.05859375 0.13515625
10 0.03671875 0.70859375 0.0734375 0.1609375
10 0.55859375 0.7453125 0.078125 0.16015625
10 0.6609375 0.75234375 0.1046875 0.1625
10 0.8265625 0.728125 0.07734375 0.12578125
10 0.759375 0.715625 0.05 0.13046875
10 0.9359375 0.7328125 0.09765625 0.1359375
7 0.54375 0.59453125 0.06171875 0.115625
7 0.29921875 0.64453125 0.05546875 0.1859375
7 0.24609375 0.6453125 0.0421875 0.12734375
7 0.21640625 0.62890625 0.03125 0.125
7 0.1421875 0.66484375 0.06640625 0.31640625
7 0.39453125 0.634375 0.06171875 0.17890625