7 0.5046875 0.6203125 0.18125 0.75859375
7 0.290625 0.6484375 0.1140625 0.41875
7 0.08046875 0.47734375 0.1 0.27890625
7 0.015625 0.6234375 0.03125 0.6125
7 0.70390625 0.47734375 0.06953125 0.21015625
7 0.7578125 0.4984375 0.0671875 0.153125
7 0.94609375 0.84296875 0.1078125 0.3140625
10 0.75390625 0.6515625 0.12109375 0.234375
10 0.4046875 0.78359375 0.11953125 0.34453125
10 0.64921875 0.7859375 0.13046875 0.340625
10 0.053125 0.6875 0.09921875 0.23046875
10 0.965625 0.703125 0.06796875 0.11015625