8 0.51484375 0.8125 0.9703125 0.375
7 0.13359375 0.7203125 0.22421875 0.50859375
7 0.47578125 0.63359375 0.1875 0.46796875
7 0.74921875 0.64375 0.13828125 0.359375
5 0.72109375 0.759375 0.0578125 0.1140625
5 0.6109375 0.87734375 0.04453125 0.15859375
5 0.6703125 0.87890625 0.071875 0.12578125
5 0.76015625 0.86640625 0.0484375 0.12265625
5 0.83203125 0.87890625 0.0484375 0.18671875
5 0.86640625 0.834375 0.04453125 0.128125
5 0.93203125 0.875 0.0703125 0.10234375
7 0.95546875 0.671875 0.0890625 0.359375