9 0.5828125 0.76171875 0.3125 0.1390625
9 0.86484375 0.72109375 0.2703125 0.11328125
9 0.39453125 0.69296875 0.16015625 0.10390625
9 0.50703125 0.68125 0.0890625 0.071875
9 0.2578125 0.69609375 0.15703125 0.08984375
9 0.14453125 0.8125 0.28828125 0.2140625
9 0.06171875 0.68046875 0.1015625 0.0796875
7 0.42109375 0.78125 0.11953125 0.225
7 0.784375 0.7046875 0.0375 0.15
7 0.71484375 0.69453125 0.04296875 0.10390625
7 0.97109375 0.6578125 0.0578125 0.07265625
7 0.66640625 0.6953125 0.0625 0.10546875
6 0.903125 0.77578125 0.171875 0.153125