2 0.36015625 0.6015625 0.07265625 0.26171875
5 0.66875 0.66796875 0.05625 0.17421875
5 0.55234375 0.73828125 0.07109375 0.13515625
5 0.58359375 0.8125 0.0734375 0.196875
5 0.3984375 0.89453125 0.121875 0.2109375
7 0.94609375 0.74140625 0.10703125 0.5171875
7 0.0671875 0.6546875 0.134375 0.640625
7 0.18984375 0.55859375 0.14140625 0.45546875
7 0.31015625 0.51484375 0.13359375 0.37578125
7 0.48515625 0.4734375 0.12421875 0.359375
7 0.62109375 0.44375 0.11171875 0.35703125
7 0.78125 0.478125 0.16796875 0.46796875