8 0.52734375 0.78828125 0.46875 0.25546875
8 0.609375 0.64453125 0.303125 0.20234375
5 0.65078125 0.65859375 0.06171875 0.184375
5 0.571875 0.6515625 0.0609375 0.13515625
5 0.68828125 0.5875 0.0328125 0.0578125
10 0.853125 0.8171875 0.2796875 0.35546875
10 0.84609375 0.6203125 0.215625 0.17578125
7 0.19609375 0.39375 0.23828125 0.7484375
7 0.41640625 0.315625 0.12265625 0.48203125
7 0.56875 0.3140625 0.09140625 0.46171875
7 0.6625 0.33046875 0.09921875 0.43515625
7 0.0640625 0.32578125 0.12734375 0.45078125