5 0.5796875 0.65078125 0.23828125 0.29296875
5 0.434375 0.46796875 0.15859375 0.1265625
5 0.60078125 0.4453125 0.13984375 0.16328125
5 0.40703125 0.35 0.2453125 0.08828125
5 0.18984375 0.3859375 0.1984375 0.059375
5 0.57265625 0.42578125 0.10234375 0.12421875
5 0.68828125 0.4 0.13359375 0.1125
5 0.3015625 0.75390625 0.43359375 0.2015625
5 0.2390625 0.60234375 0.2125 0.14921875
5 0.075 0.7328125 0.14296875 0.27265625
7 0.37890625 0.2109375 0.17109375 0.29140625
7 0.79921875 0.253125 0.25703125 0.384375