7 0.16484375 0.56640625 0.25703125 0.7609375
7 0.8953125 0.64140625 0.209375 0.7171875
5 0.728125 0.73203125 0.09140625 0.19765625
5 0.39453125 0.6359375 0.09296875 0.12421875
5 0.6765625 0.665625 0.07421875 0.146875
2 0.56640625 0.50078125 0.08828125 0.30078125
2 0.81640625 0.2203125 0.0328125 0.16875
2 0.4546875 0.05546875 0.0453125 0.06953125
2 0.4171875 0.06015625 0.034375 0.09921875
2 0.38125 0.0671875 0.03125 0.1
2 0.353125 0.06796875 0.0359375 0.11796875
2 0.31796875 0.06796875 0.03515625 0.1015625
2 0.596875 0.0484375 0.0375 0.096875
2 0.63046875 0.04609375 0.0296875 0.09140625
2 0.65859375 0.04921875 0.03515625 0.08203125
2 0.70234375 0.04296875 0.0359375 0.08515625
2 0.7375 0.0375 0.034375 0.075
2 0.63203125 0.22734375 0.03203125 0.16484375
2 0.68203125 0.21875 0.03828125 0.159375
2 0.70859375 0.21796875 0.0390625 0.15078125
2 0.75 0.22265625 0.03359375 0.1390625
2 0.4578125 0.23203125 0.05 0.11640625
2 0.421875 0.23046875 0.0390625 0.14609375
2 0.37734375 0.24140625 0.0375 0.16015625
2 0.3328125 0.24296875 0.05390625 0.134375