7 0.7828125 0.3140625 0.08828125 0.1890625
7 0.4703125 0.30234375 0.08125 0.18984375
7 0.37421875 0.3703125 0.0953125 0.2515625
7 0.30546875 0.35390625 0.04765625 0.13671875
7 0.27734375 0.28046875 0.06484375 0.165625
7 0.2234375 0.2921875 0.05 0.13203125
0 0.2734375 0.6515625 0.14375 0.428125
0 0.12265625 0.64453125 0.175 0.6484375
6 0.6875 0.75859375 0.57109375 0.4828125
6 0.7265625 0.68828125 0.546875 0.2984375
6 0.70234375 0.51875 0.434375 0.2328125
9 0.62890625 0.31328125 0.24140625 0.19453125