8 0.52421875 0.85234375 0.31171875 0.2953125
8 0.21484375 0.38359375 0.24609375 0.11953125
8 0.6015625 0.39609375 0.22890625 0.1765625
10 0.85 0.7609375 0.29921875 0.475
10 0.146875 0.778125 0.29375 0.44296875
7 0.0453125 0.28203125 0.090625 0.3578125
7 0.18515625 0.2625 0.0546875 0.2625
7 0.2265625 0.253125 0.05859375 0.2625
7 0.315625 0.28984375 0.0875 0.3765625
7 0.51484375 0.265625 0.109375 0.34453125
7 0.5828125 0.27265625 0.05390625 0.1828125
7 0.67734375 0.21171875 0.01953125 0.11640625
7 0.728125 0.2859375 0.06796875 0.39296875
7 0.78046875 0.29609375 0.05390625 0.36484375
7 0.84140625 0.2953125 0.0875 0.4