7 0.33125 0.45546875 0.11015625 0.7390625
7 0.10546875 0.3703125 0.06015625 0.2078125
7 0.05703125 0.35546875 0.0375 0.26171875
9 0.58515625 0.35078125 0.13046875 0.2234375
9 0.403125 0.34609375 0.13203125 0.23359375
9 0.4671875 0.29921875 0.059375 0.14921875
9 0.7625 0.3265625 0.10546875 0.2078125
9 0.6875 0.31796875 0.096875 0.2359375
9 0.2203125 0.25859375 0.05703125 0.13046875
3 0.6171875 0.2125 0.3046875 0.19453125
3 0.896875 0.2515625 0.20625 0.37734375
9 0.93125 0.59765625 0.1375 0.38984375