5 0.51328125 0.49921875 0.36953125 0.46875
8 0.503125 0.70390625 0.99375 0.5921875
2 0.09921875 0.134375 0.09765625 0.13125
2 0.18125 0.1125 0.0890625 0.1953125
2 0.24921875 0.109375 0.0640625 0.20546875
2 0.30390625 0.1046875 0.05703125 0.18046875
2 0.34140625 0.10546875 0.1015625 0.19296875
2 0.48828125 0.09609375 0.0921875 0.175
2 0.571875 0.1 0.0640625 0.1703125
2 0.64921875 0.09609375 0.09140625 0.178125
2 0.6984375 0.09765625 0.0828125 0.16484375
2 0.79453125 0.0921875 0.06640625 0.171875
2 0.86015625 0.10234375 0.06875 0.17890625
2 0.93203125 0.09296875 0.0703125 0.1859375
2 0.9765625 0.09140625 0.046875 0.17734375