5 0.284375 0.6546875 0.21015625 0.5671875
2 0.9515625 0.39765625 0.06796875 0.19453125
2 0.90859375 0.3828125 0.05234375 0.21171875
2 0.85625 0.40234375 0.05234375 0.2296875
2 0.8078125 0.39296875 0.06171875 0.18046875
2 0.75546875 0.39375 0.04375 0.203125
2 0.7109375 0.36875 0.0359375 0.19921875
2 0.65859375 0.37109375 0.05859375 0.2515625
2 0.6125 0.36015625 0.0546875 0.2046875
2 0.5703125 0.371875 0.06171875 0.2234375
2 0.525 0.365625 0.04765625 0.215625
2 0.49453125 0.35546875 0.0453125 0.2078125
2 0.45546875 0.34453125 0.05 0.21953125
2 0.4125 0.34453125 0.0671875 0.20703125
8 0.49375 0.8453125 0.9875 0.3046875