10 0.740625 0.33359375 0.07734375 0.203125
10 0.7484375 0.1765625 0.06171875 0.13046875
10 0.42578125 0.2953125 0.084375 0.11796875
10 0.3171875 0.32265625 0.05859375 0.23828125
10 0.2359375 0.48125 0.1171875 0.35390625
10 0.48515625 0.51328125 0.28671875 0.3984375
10 0.84375 0.6703125 0.31171875 0.5234375
7 0.9078125 0.79453125 0.1796875 0.4109375
7 0.76015625 0.67578125 0.384375 0.61171875
7 0.4703125 0.5859375 0.1859375 0.7234375
7 0.1015625 0.6015625 0.203125 0.615625
7 0.66875 0.23671875 0.09453125 0.284375
7 0.36484375 0.1078125 0.1515625 0.178125