2 0.1 0.44453125 0.0359375 0.23984375
2 0.15234375 0.4546875 0.04921875 0.23984375
2 0.03984375 0.3984375 0.0796875 0.06953125
2 0.0375 0.45546875 0.06796875 0.040625
2 0.05625 0.5125 0.07890625 0.071875
2 0.08515625 0.7421875 0.075 0.31484375
2 0.03125 0.7421875 0.0625 0.27265625
2 0.1171875 0.92734375 0.040625 0.1453125
2 0.1625 0.90546875 0.06875 0.1890625
2 0.2 0.70390625 0.06328125 0.24609375
2 0.2390625 0.44375 0.03828125 0.20234375
2 0.28984375 0.4171875 0.053125 0.14453125
2 0.31171875 0.265625 0.0328125 0.16875
2 0.37734375 0.2890625 0.059375 0.18359375
2 0.17265625 0.2421875 0.040625 0.24140625
2 0.04765625 0.18046875 0.0546875 0.25703125
2 0.02421875 0.2140625 0.04765625 0.284375
2 0.91953125 0.67109375 0.07578125 0.2953125
2 0.97109375 0.6515625 0.0578125 0.23984375
7 0.6359375 0.61484375 0.3515625 0.76953125
7 0.39453125 0.69609375 0.21015625 0.6078125