7 0.9546875 0.47109375 0.08984375 0.4109375
7 0.834375 0.3046875 0.00078125 0.0015625
7 0.846875 0.42734375 0.08984375 0.3609375
7 0.7734375 0.528125 0.09609375 0.37421875
7 0.709375 0.43359375 0.0671875 0.259375
7 0.625 0.4140625 0.06875 0.309375
7 0.5578125 0.43046875 0.07109375 0.30234375
7 0.5171875 0.41171875 0.0703125 0.25546875
7 0.45625 0.43828125 0.08828125 0.32890625
7 0.378125 0.4140625 0.07421875 0.253125
7 0.33125 0.40625 0.071875 0.2328125
7 0.28359375 0.44921875 0.0828125 0.3234375
7 0.24140625 0.36328125 0.08828125 0.2640625
7 0.190625 0.40703125 0.090625 0.25078125
7 0.1421875 0.32734375 0.059375 0.18515625
7 0.09375 0.41328125 0.08046875 0.29140625
7 0.0359375 0.37890625 0.06328125 0.2484375
6 0.04609375 0.58515625 0.08671875 0.2515625
6 0.15234375 0.6125 0.1140625 0.22890625
6 0.26640625 0.6421875 0.11015625 0.29296875
6 0.44609375 0.63359375 0.21953125 0.3078125
6 0.60390625 0.60546875 0.16640625 0.25234375
6 0.6828125 0.61484375 0.1125 0.246875
6 0.75390625 0.80703125 0.2078125 0.28359375
6 0.90625 0.775 0.18671875 0.44375
3 0.6359375 0.21640625 0.48515625 0.34609375