9 0.153125 0.75078125 0.30625 0.4484375
9 0.096875 0.4734375 0.19296875 0.159375
9 0.059375 0.3234375 0.11875 0.109375
9 0.20625 0.30703125 0.1390625 0.1703125
9 0.34765625 0.31171875 0.11875 0.140625
9 0.6546875 0.23203125 0.1203125 0.084375
9 0.684375 0.31953125 0.15703125 0.12265625
9 0.51796875 0.33828125 0.1046875 0.15625
9 0.83046875 0.40625 0.3390625 0.165625
9 0.8484375 0.490625 0.303125 0.1546875
9 0.8625 0.58671875 0.275 0.1828125
9 0.8140625 0.80625 0.371875 0.3875
7 0.62109375 0.39296875 0.13515625 0.16171875
7 0.34140625 0.49140625 0.1640625 0.171875
6 0.590625 0.52578125 0.19765625 0.17734375
6 0.35234375 0.671875 0.1609375 0.2640625
9 0.378125 0.55390625 0.39921875 0.375