7 0.52421875 0.621875 0.07890625 0.246875
7 0.42109375 0.63046875 0.04296875 0.23828125
7 0.21875 0.65078125 0.090625 0.31640625
7 0.12265625 0.60546875 0.065625 0.23046875
7 0.04453125 0.684375 0.0890625 0.44375
7 0.8734375 0.59296875 0.06640625 0.2578125
0 0.8609375 0.86953125 0.26640625 0.26015625
0 0.546875 0.80703125 0.15390625 0.26328125
0 0.38671875 0.77421875 0.13046875 0.17578125
3 0.52265625 0.59296875 0.3828125 0.29921875
9 0.95078125 0.69453125 0.0984375 0.34921875
9 0.771875 0.64140625 0.1328125 0.15390625
9 0.30625 0.61171875 0.05859375 0.06796875