1 0.15390625 0.840625 0.12578125 0.10234375
1 0.11953125 0.78828125 0.140625 0.06328125
1 0.38203125 0.79765625 0.11015625 0.04453125
1 0.46640625 0.840625 0.15078125 0.06875
1 0.49140625 0.76015625 0.13828125 0.08671875
1 0.340625 0.72734375 0.09296875 0.06953125
1 0.5671875 0.721875 0.096875 0.0765625
1 0.61953125 0.81953125 0.1140625 0.075
1 0.728125 0.76328125 0.11484375 0.0546875
1 0.653125 0.753125 0.0875 0.06796875
1 0.7171875 0.71015625 0.071875 0.08671875
1 0.76015625 0.66171875 0.06953125 0.0640625
1 0.8234375 0.75703125 0.05546875 0.0671875
1 0.9375 0.8109375 0.10859375 0.0625
1 0.91328125 0.76171875 0.05 0.05078125
1 0.896875 0.70078125 0.0578125 0.09609375
1 0.83125 0.69609375 0.05625 0.11171875
1 0.9453125 0.6921875 0.0609375 0.08671875