8 0.5953125 0.56015625 0.13203125 0.078125
8 0.3765625 0.53046875 0.11171875 0.13125
8 0.66171875 0.7421875 0.3609375 0.29609375
8 0.75703125 0.86796875 0.4859375 0.2625
8 0.36640625 0.52890625 0.14609375 0.1578125
8 0.178125 0.77109375 0.353125 0.4578125
8 0.6484375 0.53671875 0.2046875 0.125
8 0.87890625 0.5296875 0.19921875 0.09609375
8 0.8859375 0.59375 0.228125 0.1484375
8 0.83515625 0.6421875 0.1234375 0.1546875
8 0.965625 0.765625 0.00078125 0.02109375
8 0.2296875 0.4984375 0.1046875 0.11796875