9 0.4171875 0.86640625 0.11484375 0.1296875
9 0.58359375 0.8640625 0.05 0.07109375
9 0.30234375 0.8796875 0.11875 0.09375
9 0.21640625 0.89375 0.0640625 0.05546875
9 0.1796875 0.85703125 0.08828125 0.10234375
9 0.134375 0.89296875 0.078125 0.08671875
9 0.09296875 0.909375 0.0828125 0.09453125
7 0.51953125 0.87265625 0.025 0.0765625
7 0.05 0.96015625 0.04140625 0.0796875
7 0.13046875 0.96484375 0.0234375 0.0703125
7 0.15390625 0.96640625 0.021875 0.0671875
7 0.1734375 0.96953125 0.025 0.0609375
7 0.1984375 0.96953125 0.0234375 0.0609375
7 0.22421875 0.9640625 0.03203125 0.071875
7 0.2671875 0.96015625 0.03671875 0.0796875
7 0.31015625 0.96484375 0.0484375 0.0703125
7 0.3453125 0.96484375 0.03125 0.0703125
7 0.37890625 0.96171875 0.0703125 0.0765625
6 0.865625 0.93046875 0.04453125 0.0953125