2 0.07421875 0.478125 0.028125 0.1796875
2 0.0375 0.471875 0.04609375 0.19609375
2 0.5046875 0.6015625 0.0515625 0.15234375
2 0.5375 0.60078125 0.05546875 0.134375
2 0.575 0.60703125 0.0484375 0.12578125
2 0.4828125 0.4453125 0.04140625 0.16015625
2 0.51953125 0.47109375 0.05625 0.15390625
2 0.57109375 0.45078125 0.04921875 0.1328125
2 0.62109375 0.4609375 0.06640625 0.1328125
2 0.40703125 0.46875 0.046875 0.13984375
2 0.4765625 0.31953125 0.0453125 0.14921875
2 0.5203125 0.3 0.034375 0.12265625
2 0.54921875 0.31015625 0.03046875 0.10625
2 0.60078125 0.321875 0.053125 0.1578125
2 0.64453125 0.32421875 0.04765625 0.1265625
2 0.6859375 0.309375 0.0359375 0.12109375
2 0.4125 0.165625 0.0265625 0.121875
2 0.375 0.15078125 0.0625 0.16171875
2 0.484375 0.184375 0.03515625 0.14296875
2 0.53046875 0.19765625 0.05390625 0.11953125
5 0.7234375 0.68046875 0.22421875 0.35
5 0.39765625 0.809375 0.128125 0.26328125
7 0.2171875 0.59609375 0.321875 0.8078125
7 0.828125 0.5890625 0.26796875 0.82109375