6 0.87109375 0.675 0.196875 0.234375
6 0.72890625 0.678125 0.13828125 0.2484375
6 0.59609375 0.69765625 0.16015625 0.21640625
6 0.42109375 0.70859375 0.1328125 0.21171875
6 0.31953125 0.6703125 0.1109375 0.2203125
6 0.23984375 0.6828125 0.0875 0.22890625
6 0.17734375 0.678125 0.06875 0.2390625
6 0.1015625 0.6640625 0.0671875 0.17890625
6 0.0265625 0.73203125 0.053125 0.20234375
7 0.05078125 0.58203125 0.05390625 0.15390625
7 0.0828125 0.55390625 0.03671875 0.1265625
7 0.409375 0.5625 0.07890625 0.11875