8 0.68671875 0.784375 0.6265625 0.43046875
8 0.3859375 0.59375 0.359375 0.1953125
10 0.67578125 0.5640625 0.08203125 0.0984375
10 0.603125 0.5546875 0.0625 0.07109375
10 0.53671875 0.54765625 0.06640625 0.078125
10 0.803125 0.59296875 0.1 0.09765625
10 0.83203125 0.646875 0.07265625 0.06328125
10 0.559375 0.84375 0.1875 0.28671875
10 0.475 0.76328125 0.11171875 0.22109375
10 0.43828125 0.69296875 0.08828125 0.15546875
10 0.38046875 0.64921875 0.0953125 0.15546875
10 0.0796875 0.87421875 0.146875 0.2515625
10 0.1140625 0.8171875 0.18046875 0.309375
10 0.11875 0.7046875 0.13125 0.17890625
10 0.12578125 0.6328125 0.11953125 0.13515625