7 0.7234375 0.48125 0.1171875 0.48203125
7 0.54765625 0.4859375 0.08828125 0.39140625
7 0.640625 0.4296875 0.0640625 0.25859375
9 0.1625 0.43203125 0.1828125 0.22421875
9 0.01953125 0.41796875 0.0390625 0.1640625
9 0.228125 0.36953125 0.06640625 0.1296875
9 0.2796875 0.36796875 0.05859375 0.10625
9 0.33828125 0.36328125 0.084375 0.10859375
9 0.075 0.4109375 0.08125 0.19921875
3 0.54375 0.33359375 0.0953125 0.1625
0 0.8484375 0.490625 0.090625 0.25078125
0 0.95078125 0.5859375 0.09453125 0.25546875
0 0.92734375 0.54140625 0.1453125 0.1828125