7 0.40859375 0.48046875 0.13046875 0.27421875
7 0.2328125 0.471875 0.14453125 0.265625
7 0.86875 0.24375 0.13046875 0.30625
7 0.8796875 0.4890625 0.096875 0.21796875
7 0.90390625 0.725 0.178125 0.55
7 0.7625 0.41484375 0.14921875 0.3234375
7 0.6109375 0.446875 0.1359375 0.3109375
8 0.4 0.828125 0.50390625 0.34296875
8 0.7453125 0.78359375 0.50625 0.4328125
2 0.7953125 0.7703125 0.07890625 0.27578125
2 0.3296875 0.6765625 0.06875 0.203125
5 0.753125 0.62109375 0.06875 0.04765625
5 0.44453125 0.86875 0.0484375 0.16953125
5 0.26640625 0.6625 0.04296875 0.14609375
5 0.3921875 0.66875 0.0515625 0.1015625
5 0.62890625 0.61328125 0.04453125 0.096875
5 0.58984375 0.66875 0.07109375 0.0734375