3 0.45625 0.40234375 0.54296875 0.62890625
3 0.140625 0.49765625 0.15234375 0.58203125
7 0.625 0.52734375 0.05 0.16796875
7 0.5828125 0.51484375 0.03359375 0.17265625
7 0.48984375 0.496875 0.0515625 0.1328125
7 0.39140625 0.28515625 0.0296875 0.10078125
7 0.5046875 0.23359375 0.0515625 0.1125
7 0.58515625 0.26875 0.05 0.13671875
7 0.62421875 0.26328125 0.03515625 0.0921875
7 0.73984375 0.59375 0.06484375 0.35546875
7 0.80859375 0.61015625 0.07109375 0.29921875
7 0.8640625 0.6375 0.0546875 0.31171875
7 0.98203125 0.64140625 0.0359375 0.24375