8 0.4953125 0.71796875 0.66640625 0.33125
10 0.83828125 0.696875 0.1140625 0.27734375
10 0.78515625 0.603125 0.0765625 0.146875
10 0.63515625 0.57421875 0.10234375 0.121875
10 0.6671875 0.75859375 0.15859375 0.3671875
10 0.52109375 0.778125 0.14609375 0.4359375
10 0.3734375 0.74453125 0.13359375 0.38515625
10 0.22734375 0.75703125 0.1328125 0.38984375
10 0.08515625 0.721875 0.12421875 0.3265625
10 0.2921875 0.5609375 0.08515625 0.1484375
10 0.4 0.559375 0.08046875 0.14140625
10 0.52421875 0.5625 0.10859375 0.1359375