7 0.63125 0.25 0.0765625 0.21640625
7 0.70546875 0.2484375 0.05234375 0.1890625
7 0.871875 0.259375 0.14375 0.41875
5 0.73828125 0.521875 0.0625 0.1703125
5 0.3515625 0.47578125 0.07421875 0.12890625
5 0.03671875 0.55625 0.0734375 0.14375
5 0.35 0.25234375 0.04375 0.0640625
5 0.5 0.25234375 0.0359375 0.05859375
10 0.35703125 0.3640625 0.11875 0.1796875
10 0.2390625 0.3328125 0.090625 0.1828125
10 0.16484375 0.3875 0.09609375 0.1796875
10 0.58359375 0.33359375 0.109375 0.11796875
10 0.0875 0.32734375 0.08203125 0.1640625