3 0.29765625 0.6953125 0.175 0.42578125
3 0.4765625 0.70078125 0.178125 0.28125
9 0.1703125 0.82734375 0.103125 0.203125
9 0.04375 0.8609375 0.08671875 0.184375
9 0.8453125 0.56015625 0.09453125 0.1125
9 0.75234375 0.471875 0.078125 0.06640625
9 0.7296875 0.41171875 0.03359375 0.03671875
9 0.6578125 0.4140625 0.0453125 0.05390625
9 0.6046875 0.378125 0.0265625 0.0390625
9 0.10546875 0.73046875 0.07421875 0.15
9 0.13828125 0.65234375 0.0640625 0.11484375
9 0.20703125 0.66875 0.0484375 0.13046875
9 0.06796875 0.59375 0.115625 0.17734375
9 0.39609375 0.53515625 0.04296875 0.0578125
9 0.32734375 0.45703125 0.0390625 0.075
9 0.1640625 0.49453125 0.0484375 0.059375