7 0.3015625 0.66171875 0.153125 0.60078125
7 0.559375 0.575 0.16328125 0.4234375
7 0.7140625 0.6296875 0.12109375 0.4375
7 0.89375 0.6265625 0.1109375 0.56875
7 0.9796875 0.67578125 0.040625 0.4765625
7 0.11953125 0.64296875 0.1140625 0.39296875
7 0.19609375 0.49609375 0.06796875 0.1296875
7 0.41015625 0.490625 0.040625 0.11328125
7 0.61640625 0.49375 0.02109375 0.07734375
7 0.734375 0.4796875 0.0328125 0.09140625
7 0.82578125 0.478125 0.0265625 0.046875
7 0.84609375 0.5 0.02421875 0.10234375
6 0.52421875 0.75703125 0.2125 0.41328125
6 0.05390625 0.76640625 0.1078125 0.29921875
0 0.71015625 0.75078125 0.1421875 0.375