10 0.2640625 0.77890625 0.23828125 0.4359375
10 0.5109375 0.8140625 0.284375 0.371875
10 0.659375 0.784375 0.16171875 0.43046875
10 0.503125 0.5703125 0.090625 0.1765625
10 0.3578125 0.56875 0.15234375 0.1234375
10 0.4765625 0.47890625 0.07265625 0.1875
10 0.765625 0.721875 0.17734375 0.36875
10 0.93515625 0.8484375 0.1265625 0.303125
10 0.92734375 0.55 0.09609375 0.1109375
10 0.9125 0.4484375 0.04296875 0.0703125
8 0.44609375 0.76953125 0.3859375 0.4609375
8 0.96171875 0.4703125 0.0765625 0.10859375
8 0.8875 0.459375 0.1078125 0.06640625
8 0.6625 0.70234375 0.2046875 0.4078125
7 0.7875 0.6109375 0.13125 0.55703125
7 0.56640625 0.4734375 0.16015625 0.4109375
7 0.6375 0.3640625 0.09609375 0.20859375
7 0.2140625 0.41015625 0.13828125 0.353125