5 0.4921875 0.70703125 0.0890625 0.23359375
5 0.4328125 0.71484375 0.09765625 0.23359375
5 0.3390625 0.6828125 0.08828125 0.22265625
5 0.4140625 0.52734375 0.0578125 0.2125
5 0.35859375 0.52265625 0.07421875 0.16171875
5 0.54765625 0.525 0.09296875 0.25703125
5 0.74140625 0.4703125 0.0765625 0.1859375
7 0.11796875 0.5296875 0.2359375 0.47109375
7 0.3703125 0.38046875 0.31875 0.4265625
7 0.1921875 0.86953125 0.28125 0.2609375
7 0.8734375 0.66953125 0.25 0.6609375
8 0.39765625 0.746875 0.5734375 0.47265625