6 0.44921875 0.58046875 0.159375 0.16796875
6 0.2203125 0.64140625 0.18515625 0.22578125
6 0.534375 0.578125 0.10546875 0.16796875
6 0.6109375 0.5703125 0.13046875 0.1265625
6 0.684375 0.53984375 0.07578125 0.15
6 0.725 0.5359375 0.0828125 0.12109375
6 0.909375 0.5015625 0.04609375 0.1078125
6 0.87421875 0.52265625 0.0484375 0.0953125
6 0.82734375 0.52890625 0.0625 0.10703125
7 0.3296875 0.5015625 0.05390625 0.22265625
7 0.25234375 0.46796875 0.053125 0.15625
7 0.22265625 0.4921875 0.06328125 0.196875
7 0.1640625 0.46875 0.071875 0.17890625
7 0.3609375 0.446875 0.03359375 0.1046875
7 0.4046875 0.4484375 0.0328125 0.07734375
7 0.52421875 0.45859375 0.03046875 0.090625
7 0.58984375 0.45390625 0.0421875 0.0859375
7 0.6203125 0.45546875 0.0296875 0.0796875
7 0.66640625 0.44765625 0.03046875 0.0515625
7 0.72421875 0.44765625 0.02734375 0.06796875
7 0.76484375 0.45703125 0.03125 0.08671875