2 0.3953125 0.68984375 0.0828125 0.2953125
5 0.32890625 0.85859375 0.1609375 0.2828125
5 0.1875 0.8546875 0.090625 0.28984375
5 0.06953125 0.88828125 0.1390625 0.2
5 0.51953125 0.85390625 0.13671875 0.2921875
5 0.57265625 0.71953125 0.08046875 0.1625
5 0.45703125 0.6484375 0.0703125 0.184375
5 0.546875 0.5640625 0.06796875 0.11875
5 0.6625 0.6921875 0.07265625 0.1125
7 0.90390625 0.67265625 0.19140625 0.6546875
7 0.1328125 0.5375 0.26484375 0.51171875
7 0.328125 0.46796875 0.15390625 0.384375
7 0.478125 0.4359375 0.12421875 0.26015625
7 0.56640625 0.40859375 0.09453125 0.25
7 0.80859375 0.4375 0.359375 0.4515625