0 0.41015625 0.7609375 0.0953125 0.11171875
0 0.53359375 0.76875 0.08203125 0.12734375
7 0.07890625 0.67734375 0.05390625 0.21796875
7 0.0375 0.665625 0.07421875 0.2375
7 0.40625 0.6375 0.06484375 0.13359375
7 0.52890625 0.62421875 0.06328125 0.19375
9 0.1859375 0.621875 0.15 0.209375
9 0.28515625 0.61796875 0.1 0.1640625
9 0.35546875 0.6203125 0.03984375 0.121875
9 0.6078125 0.6359375 0.06953125 0.1359375
9 0.88984375 0.7546875 0.21953125 0.4625
9 0.73515625 0.62890625 0.1140625 0.22890625
9 0.47109375 0.6109375 0.06015625 0.10703125