7 0.60625 0.89765625 0.06171875 0.1046875
6 0.6109375 0.9625 0.08125 0.075
6 0.8734375 0.315625 0.04765625 0.1125
6 0.87578125 0.55703125 0.040625 0.12109375
9 0.75859375 0.8328125 0.1359375 0.27265625
9 0.50859375 0.8140625 0.1359375 0.2109375
9 0.6015625 0.70078125 0.13984375 0.1734375
9 0.76640625 0.6671875 0.1171875 0.14140625
9 0.79140625 0.58359375 0.08203125 0.103125
9 0.81171875 0.434375 0.07109375 0.109375
9 0.80625 0.35859375 0.05859375 0.078125
9 0.8203125 0.28671875 0.071875 0.12265625
9 0.85390625 0.21875 0.053125 0.0515625
9 0.8453125 0.1609375 0.03359375 0.04375
9 0.26171875 0.88203125 0.1984375 0.2359375
9 0.06640625 0.8828125 0.1328125 0.234375
9 0.02734375 0.728125 0.05390625 0.14765625
9 0.0296875 0.39296875 0.053125 0.134375
9 0.36640625 0.69609375 0.1234375 0.21875
9 0.4375 0.57734375 0.0734375 0.13828125
9 0.51875 0.5265625 0.1109375 0.19765625
9 0.56171875 0.44375 0.0828125 0.11640625
9 0.44765625 0.47890625 0.115625 0.1171875
9 0.47734375 0.39921875 0.10546875 0.07421875
9 0.6046875 0.3796875 0.0859375 0.084375
9 0.525 0.33671875 0.05546875 0.08984375
9 0.56796875 0.296875 0.0671875 0.04375
9 0.6484375 0.33359375 0.0890625 0.07265625
9 0.66796875 0.2875 0.05625 0.08828125
9 0.703125 0.421875 0.05859375 0.13671875
9 0.6296875 0.51640625 0.0765625 0.1
9 0.72109375 0.34296875 0.0578125 0.090625
9 0.75234375 0.27578125 0.02421875 0.08046875
9 0.784375 0.20078125 0.05625 0.05625
9 0.72578125 0.21328125 0.05625 0.0796875
9 0.67265625 0.22578125 0.0859375 0.096875