5 0.13984375 0.76484375 0.16015625 0.35390625
5 0.3296875 0.71484375 0.14375 0.240625
5 0.534375 0.73359375 0.175 0.21796875
7 0.79609375 0.715625 0.4078125 0.1671875
7 0.7859375 0.3859375 0.18046875 0.18359375
2 0.75625 0.55078125 0.1390625 0.21640625
2 0.65078125 0.515625 0.1140625 0.21875
2 0.8765625 0.5375 0.125 0.22265625
2 0.9484375 0.49921875 0.103125 0.321875
2 0.43359375 0.58125 0.15 0.26640625
2 0.175 0.52109375 0.146875 0.27265625
2 0.071875 0.56953125 0.125 0.30234375
2 0.325 0.63984375 0.15859375 0.34765625
8 0.4984375 0.83515625 0.996875 0.3296875