2 0.37734375 0.784375 0.1015625 0.43125
2 0.48203125 0.7125 0.0953125 0.4046875
2 0.52421875 0.65 0.06953125 0.25859375
2 0.60390625 0.64140625 0.046875 0.18515625
2 0.56484375 0.53671875 0.08046875 0.1375
2 0.70859375 0.5140625 0.0828125 0.18046875
5 0.59453125 0.815625 0.05234375 0.1890625
7 0.93203125 0.64140625 0.1359375 0.7171875
7 0.77109375 0.4625 0.13203125 0.3125
7 0.83984375 0.3640625 0.14453125 0.334375
7 0.84140625 0.60625 0.08515625 0.2
7 0.58515625 0.39765625 0.09609375 0.18671875
7 0.63515625 0.38515625 0.0953125 0.15859375
7 0.51015625 0.36015625 0.0890625 0.28671875
7 0.43671875 0.3765625 0.18125 0.33515625
7 0.22734375 0.3390625 0.16640625 0.63359375
7 0.08671875 0.51328125 0.1734375 0.9734375