10 0.909375 0.7875 0.18125 0.425
10 0.628125 0.4265625 0.04609375 0.13515625
10 0.5984375 0.4609375 0.07890625 0.08359375
10 0.5546875 0.5078125 0.071875 0.15703125
10 0.33828125 0.7515625 0.25390625 0.28359375
10 0.1921875 0.81953125 0.128125 0.346875
10 0.103125 0.83984375 0.16015625 0.3203125
10 0.70234375 0.39375 0.040625 0.06875
10 0.75 0.38515625 0.040625 0.07265625
10 0.66640625 0.65625 0.06484375 0.26640625
8 0.74765625 0.678125 0.3484375 0.3578125
8 0.79921875 0.49140625 0.22734375 0.1734375