2 0.04765625 0.66484375 0.07421875 0.4484375
2 0.1515625 0.7609375 0.15859375 0.47734375
2 0.228125 0.60234375 0.10078125 0.24765625
2 0.3265625 0.65390625 0.121875 0.44765625
2 0.41015625 0.57734375 0.09921875 0.27421875
2 0.446875 0.68359375 0.13671875 0.346875
2 0.603125 0.71875 0.07890625 0.33203125
2 0.63125 0.546875 0.06328125 0.240625
2 0.6828125 0.5484375 0.084375 0.1953125
2 0.6953125 0.73671875 0.10859375 0.328125
2 0.7390625 0.5625 0.09921875 0.1640625
2 0.8234375 0.56796875 0.078125 0.18359375
2 0.92421875 0.63828125 0.11953125 0.21640625