5 0.596875 0.734375 0.075 0.22578125
5 0.68828125 0.3875 0.0421875 0.11171875
5 0.3265625 0.5578125 0.05859375 0.1484375
7 0.75 0.48125 0.13125 0.54453125
7 0.1671875 0.63984375 0.21015625 0.6578125
7 0.01953125 0.49375 0.0390625 0.41640625
7 0.5078125 0.38671875 0.18046875 0.41796875
7 0.8640625 0.19453125 0.1359375 0.2640625
7 0.646875 0.2765625 0.084375 0.1140625
7 0.37734375 0.15859375 0.04765625 0.1203125
7 0.3390625 0.1875 0.05546875 0.128125
7 0.30234375 0.20625 0.075 0.12421875
7 0.09375 0.1703125 0.0796875 0.1734375
7 0.04140625 0.2171875 0.08203125 0.1796875
8 0.48984375 0.6671875 0.59765625 0.63359375