10 0.08984375 0.72109375 0.12578125 0.39609375
10 0.05390625 0.7765625 0.1078125 0.38359375
10 0.78046875 0.61484375 0.13515625 0.4375
8 0.68203125 0.4640625 0.2953125 0.5203125
7 0.784375 0.23828125 0.065625 0.2984375
7 0.4890625 0.58125 0.2578125 0.8375
7 0.19296875 0.37265625 0.1546875 0.54765625
7 0.5140625 0.1328125 0.1328125 0.23671875
7 0.94375 0.38359375 0.11171875 0.53984375
2 0.71484375 0.2765625 0.05703125 0.1296875
2 0.671875 0.290625 0.07890625 0.17421875
2 0.61015625 0.25625 0.059375 0.18359375
2 0.5765625 0.2453125 0.0234375 0.15703125