1 0.51328125 0.73828125 0.14921875 0.1484375
1 0.5671875 0.66171875 0.11171875 0.10546875
1 0.62421875 0.6296875 0.09609375 0.0578125
1 0.8140625 0.68203125 0.0921875 0.0953125
1 0.77265625 0.62109375 0.0453125 0.075
9 0.45703125 0.5859375 0.06484375 0.09765625
9 0.50625 0.57890625 0.0765625 0.09140625
9 0.5640625 0.5828125 0.05390625 0.0703125
9 0.88125 0.60390625 0.0375 0.065625
9 0.96640625 0.6609375 0.0671875 0.1390625
9 0.84921875 0.596875 0.03828125 0.06484375
9 0.8078125 0.5796875 0.0546875 0.08046875
0 0.03984375 0.6625 0.07890625 0.24609375
0 0.07734375 0.67265625 0.09609375 0.18671875
0 0.165625 0.6640625 0.12265625 0.22890625
0 0.26796875 0.665625 0.1546875 0.18515625
0 0.35234375 0.64375 0.0640625 0.1109375
0 0.40859375 0.628125 0.04765625 0.13125