8 0.54375 0.78828125 0.29296875 0.41953125
10 0.78515625 0.70703125 0.42890625 0.5390625
7 0.90859375 0.46875 0.07265625 0.21875
7 0.8265625 0.44296875 0.1203125 0.3515625
7 0.5328125 0.4609375 0.08359375 0.2640625
7 0.44453125 0.4 0.0921875 0.34296875
7 0.278125 0.3828125 0.115625 0.43671875
7 0.12421875 0.32890625 0.16171875 0.48828125
7 0.15703125 0.6703125 0.2984375 0.31015625
7 0.1796875 0.91328125 0.359375 0.1734375
2 0.534375 0.59765625 0.04921875 0.14765625
2 0.60234375 0.609375 0.06015625 0.13984375