10 0.33125 0.6296875 0.10546875 0.17890625
10 0.4734375 0.53046875 0.08203125 0.13359375
10 0.225 0.76953125 0.09609375 0.13515625
10 0.4125 0.7515625 0.07578125 0.16484375
10 0.43828125 0.903125 0.05703125 0.12421875
10 0.509375 0.8921875 0.07890625 0.17578125
10 0.61328125 0.84296875 0.075 0.171875
10 0.828125 0.91796875 0.10390625 0.14453125
10 0.96796875 0.76796875 0.0640625 0.21015625
10 0.878125 0.66640625 0.084375 0.13828125
10 0.79453125 0.60703125 0.11171875 0.09296875
10 0.7484375 0.678125 0.075 0.128125
10 0.6890625 0.76484375 0.06015625 0.13828125
10 0.55234375 0.68828125 0.0546875 0.15
10 0.49453125 0.4046875 0.05625 0.1234375
10 0.38359375 0.36015625 0.06875 0.14921875
10 0.309375 0.45390625 0.0734375 0.13984375
10 0.6 0.559375 0.0640625 0.13828125
10 0.65703125 0.48671875 0.04921875 0.15234375
10 0.7203125 0.50703125 0.06484375 0.11484375
10 0.828125 0.5171875 0.034375 0.121875
10 0.8703125 0.55625 0.10234375 0.13125
10 0.7453125 0.43828125 0.06640625 0.1046875