6 0.7859375 0.590625 0.31015625 0.459375
1 0.88125 0.39140625 0.19140625 0.14765625
1 0.7546875 0.3578125 0.146875 0.13984375
1 0.65703125 0.22265625 0.10390625 0.4234375
1 0.565625 0.228125 0.125 0.45625
1 0.4703125 0.234375 0.121875 0.40390625
1 0.346875 0.3046875 0.0640625 0.12265625
1 0.3140625 0.33203125 0.04140625 0.0921875
1 0.27265625 0.31796875 0.04375 0.11796875
1 0.2453125 0.31171875 0.0390625 0.1578125
1 0.21171875 0.27890625 0.04453125 0.19921875
1 0.16328125 0.2515625 0.0515625 0.26015625
1 0.0890625 0.28203125 0.06640625 0.2
1 0.0265625 0.24765625 0.053125 0.25078125