7 0.478125 0.50859375 0.08515625 0.403125
7 0.5546875 0.4734375 0.07734375 0.36953125
7 0.6953125 0.38515625 0.08984375 0.32578125
7 0.23671875 0.43125 0.0640625 0.1421875
7 0.13125 0.46796875 0.0578125 0.09765625
7 0.0515625 0.4921875 0.0515625 0.11015625
0 0.06015625 0.66171875 0.07265625 0.225
0 0.128125 0.6234375 0.06171875 0.1734375
0 0.2265625 0.6109375 0.0703125 0.21796875
0 0.48359375 0.7921875 0.146875 0.3078125
0 0.571875 0.67109375 0.06640625 0.34140625
0 0.6921875 0.590625 0.13203125 0.278125