5 0.82734375 0.825 0.11484375 0.34921875
5 0.7 0.8171875 0.109375 0.365625
5 0.63125 0.5171875 0.121875 0.2828125
5 0.7453125 0.47109375 0.06015625 0.2203125
5 0.97578125 0.4984375 0.0484375 0.24296875
5 0.56015625 0.43359375 0.1015625 0.4421875
5 0.42265625 0.471875 0.065625 0.221875
5 0.43125 0.725 0.06015625 0.15390625
5 0.40703125 0.6328125 0.07578125 0.12890625
5 0.35 0.69765625 0.059375 0.1640625
5 0.2296875 0.7796875 0.12109375 0.32734375
5 0.12578125 0.8 0.1046875 0.39921875
5 0.19765625 0.47421875 0.0765625 0.21015625
5 0.11875 0.4765625 0.09296875 0.19765625
5 0.07265625 0.16953125 0.04765625 0.2015625
8 0.5 0.7203125 1 0.55859375
7 0.9328125 0.171875 0.134375 0.34375
7 0.6265625 0.19296875 0.1109375 0.3078125
7 0.38359375 0.11171875 0.12265625 0.2234375
7 0.23984375 0.18125 0.09453125 0.2796875
7 0.1734375 0.13203125 0.0734375 0.2640625
7 0.09921875 0.1109375 0.06328125 0.190625
7 0.03046875 0.1578125 0.0609375 0.315625