8 0.5359375 0.22734375 0.23359375 0.090625
8 0.53359375 0.29453125 0.33515625 0.11015625
8 0.57109375 0.4359375 0.54453125 0.2515625
8 0.50078125 0.83203125 0.9984375 0.3359375
10 0.17421875 0.5921875 0.2859375 0.46171875
10 0.2953125 0.42734375 0.15625 0.3671875
10 0.703125 0.2984375 0.11640625 0.18125
10 0.76171875 0.43359375 0.178125 0.35859375
10 0.88046875 0.53125 0.2390625 0.3859375
10 0.6703125 0.121875 0.04375 0.09296875
10 0.6078125 0.10078125 0.03125 0.0640625
10 0.6359375 0.09921875 0.04609375 0.1078125