0 0.12890625 0.67421875 0.1203125 0.4046875
0 0.05625 0.71484375 0.11171875 0.44765625
0 0.26953125 0.67421875 0.10078125 0.35546875
0 0.4140625 0.75859375 0.1015625 0.37109375
0 0.48046875 0.71875 0.09921875 0.325
0 0.54453125 0.69453125 0.0703125 0.259375
0 0.64609375 0.7046875 0.0953125 0.35390625
0 0.72734375 0.696875 0.13359375 0.3171875
0 0.84375 0.71875 0.1015625 0.2921875
0 0.9484375 0.7046875 0.103125 0.36640625
0 0.71796875 0.43671875 0.1125 0.16328125
0 0.609375 0.45234375 0.13046875 0.1890625
0 0.40625 0.459375 0.08671875 0.184375
0 0.190625 0.38359375 0.08359375 0.20078125
7 0.0546875 0.32890625 0.08515625 0.19296875
7 0.309375 0.434375 0.06484375 0.1984375
7 0.496875 0.4125 0.0546875 0.221875
7 0.8515625 0.46015625 0.06875 0.284375
7 0.91328125 0.29609375 0.03828125 0.15625
7 0.81875 0.27265625 0.05859375 0.146875
7 0.75859375 0.259375 0.06171875 0.140625
7 0.6703125 0.26015625 0.07578125 0.14609375
7 0.6078125 0.27265625 0.0671875 0.1546875
7 0.51171875 0.2546875 0.05390625 0.134375
7 0.4515625 0.26328125 0.05 0.14375
7 0.390625 0.26171875 0.06015625 0.12421875
7 0.315625 0.27421875 0.07421875 0.1578125
7 0.259375 0.2765625 0.07734375 0.1296875