7 0.43515625 0.52734375 0.0609375 0.1109375
7 0.50390625 0.5359375 0.065625 0.14765625
8 0.54375 0.640625 0.68984375 0.27890625
10 0.26171875 0.92265625 0.1921875 0.1546875
10 0.5859375 0.925 0.20234375 0.15
10 0.54609375 0.803125 0.15 0.17734375
10 0.93125 0.86640625 0.1375 0.10078125
10 0.909375 0.93515625 0.18125 0.1296875
10 0.915625 0.67890625 0.16875 0.2703125
10 0.79375 0.7140625 0.140625 0.13828125
10 0.66015625 0.70546875 0.15546875 0.165625
10 0.471875 0.70078125 0.0984375 0.15234375
10 0.2859375 0.765625 0.14921875 0.203125
10 0.421875 0.84140625 0.10703125 0.284375
10 0.12578125 0.83828125 0.10625 0.17734375
8 0.05546875 0.7578125 0.1109375 0.30078125
5 0.33671875 0.56171875 0.06171875 0.1421875
5 0.415625 0.584375 0.05078125 0.1203125
5 0.60078125 0.57421875 0.0671875 0.13359375
5 0.68125 0.55703125 0.0421875 0.128125
5 0.75546875 0.58359375 0.06015625 0.11875
5 0.834375 0.584375 0.04375 0.1375