9 0.5734375 0.7765625 0.221875 0.21328125
3 0.24296875 0.584375 0.378125 0.62421875
7 0.70234375 0.80234375 0.09375 0.371875
7 0.20703125 0.64140625 0.04140625 0.184375
7 0.74296875 0.7359375 0.07109375 0.1953125
7 0.8265625 0.759375 0.075 0.21328125
7 0.89453125 0.78984375 0.096875 0.26875
7 0.95546875 0.81171875 0.0890625 0.3734375
7 0.50390625 0.68203125 0.034375 0.109375
7 0.47265625 0.671875 0.05625 0.14375
7 0.4234375 0.68125 0.0453125 0.1375
7 0.57890625 0.6890625 0.0515625 0.15703125
7 0.546875 0.68046875 0.03125 0.11484375
7 0.62421875 0.68984375 0.0640625 0.13359375