6 0.60234375 0.79765625 0.28046875 0.4046875
6 0.75390625 0.56484375 0.1609375 0.1875
6 0.48125 0.6328125 0.134375 0.2453125
6 0.21015625 0.76640625 0.37109375 0.4515625
6 0.95859375 0.55859375 0.0828125 0.2234375
6 0.92578125 0.51328125 0.1125 0.26875
6 0.86015625 0.5296875 0.0671875 0.1984375
6 0.0625 0.6609375 0.0765625 0.234375
7 0.2390625 0.69375 0.2671875 0.6125
7 0.184375 0.46953125 0.0640625 0.15546875
7 0.08125 0.44765625 0.0515625 0.15
7 0.02421875 0.471875 0.03671875 0.11640625
7 0.0625 0.496875 0.03984375 0.10703125
7 0.35078125 0.4625 0.0359375 0.19296875
7 0.39140625 0.46875 0.03828125 0.16640625
7 0.6046875 0.71484375 0.20078125 0.56953125
7 0.4734375 0.5734375 0.14296875 0.3546875
7 0.78046875 0.4203125 0.0546875 0.10859375
7 0.734375 0.4484375 0.07578125 0.1390625