6 0.396875 0.58671875 0.31640625 0.29375
6 0.68984375 0.73359375 0.440625 0.4171875
9 0.790625 0.30703125 0.21015625 0.2328125
9 0.06875 0.32890625 0.13671875 0.19765625
9 0.46875 0.284375 0.10390625 0.10390625
7 0.56640625 0.31796875 0.046875 0.12421875
7 0.15625 0.41328125 0.071875 0.228125
7 0.346875 0.31484375 0.0484375 0.20703125
7 0.3921875 0.44453125 0.13984375 0.40703125
7 0.6515625 0.48984375 0.1484375 0.446875
7 0.8953125 0.4578125 0.071875 0.49296875
7 0.96875 0.45 0.0625 0.55625
7 0.60390625 0.30390625 0.03359375 0.1796875