6 0.8328125 0.88828125 0.290625 0.2234375
6 0.053125 0.65390625 0.10625 0.28203125
0 0.6359375 0.746875 0.2046875 0.25625
0 0.95 0.715625 0.1 0.19296875
10 0.6171875 0.6203125 0.134375 0.11015625
10 0.74765625 0.61328125 0.0921875 0.084375
7 0.721875 0.54453125 0.04296875 0.10078125
7 0.39609375 0.525 0.05234375 0.2203125
7 0.48984375 0.55 0.04140625 0.25390625
7 0.5296875 0.5265625 0.04375 0.2234375
7 0.571875 0.475 0.04296875 0.15390625
7 0.85078125 0.60078125 0.0765625 0.309375
7 0.9203125 0.5265625 0.0359375 0.240625
7 0.95546875 0.5328125 0.06171875 0.178125
7 0.3484375 0.49296875 0.03828125 0.1609375
7 0.29921875 0.51171875 0.05859375 0.18046875
7 0.2125 0.43984375 0.0578125 0.15
8 0.303125 0.7296875 0.225 0.27109375