7 0.7609375 0.6671875 0.06796875 0.15
7 0.8484375 0.65859375 0.08125 0.1171875
7 0.73359375 0.6625 0.06015625 0.12890625
7 0.675 0.6703125 0.06875 0.1875
7 0.5578125 0.628125 0.0578125 0.103125
7 0.50078125 0.64609375 0.06328125 0.1359375
7 0.4375 0.6671875 0.1234375 0.12265625
7 0.34140625 0.64140625 0.0828125 0.10546875
7 0.2578125 0.63125 0.07109375 0.09375
7 0.12109375 0.63125 0.1265625 0.06953125
7 0.2515625 0.7046875 0.05859375 0.06875
9 0.90390625 0.68359375 0.1921875 0.1015625
9 0.296875 0.77578125 0.59375 0.2421875