10 0.328125 0.721875 0.1984375 0.55546875
10 0.07421875 0.6453125 0.13671875 0.3734375
10 0.190625 0.64765625 0.13203125 0.3984375
10 0.72265625 0.7 0.16328125 0.53359375
10 0.81171875 0.6484375 0.11171875 0.39140625
10 0.93984375 0.6640625 0.1203125 0.41875
8 0.53046875 0.72890625 0.2984375 0.5421875
1 0.90234375 0.321875 0.05546875 0.16328125
1 0.76953125 0.4171875 0.0453125 0.1296875
5 0.40078125 0.45546875 0.06953125 0.1265625
5 0.546875 0.44609375 0.0484375 0.1453125
5 0.0671875 0.47109375 0.06015625 0.09140625
5 0.178125 0.47109375 0.03203125 0.07890625
5 0.13984375 0.465625 0.0359375 0.10546875