7 0.22421875 0.5140625 0.23515625 0.971875
5 0.5359375 0.15234375 0.034375 0.2265625
5 0.51328125 0.1765625 0.040625 0.17421875
5 0.4859375 0.21484375 0.02734375 0.12578125
5 0.45625 0.2078125 0.053125 0.078125
5 0.4078125 0.1953125 0.04765625 0.109375
5 0.36953125 0.1734375 0.05390625 0.1765625
5 0.33046875 0.1765625 0.040625 0.15703125
5 0.29296875 0.1734375 0.03671875 0.1125
5 0.5875 0.14453125 0.065625 0.228125
5 0.63984375 0.17265625 0.04921875 0.1484375
5 0.6859375 0.15859375 0.04140625 0.125
5 0.7296875 0.17109375 0.0328125 0.16171875
5 0.75625 0.12734375 0.04921875 0.19453125