7 0.93671875 0.4328125 0.12578125 0.45625
7 0.97109375 0.14453125 0.05703125 0.1421875
7 0.8875 0.1359375 0.065625 0.16328125
7 0.8171875 0.30390625 0.0828125 0.43125
7 0.7546875 0.47734375 0.08046875 0.25859375
7 0.7640625 0.54140625 0.18203125 0.46015625
7 0.6921875 0.221875 0.13359375 0.39609375
7 0.63671875 0.16796875 0.078125 0.2109375
7 0.58125 0.13984375 0.0921875 0.20625
7 0.5109375 0.28984375 0.134375 0.5796875
7 0.32734375 0.309375 0.18046875 0.5921875
7 0.09375 0.69921875 0.1875 0.6015625
7 0.0828125 0.30625 0.165625 0.6125