10 0.43046875 0.85625 0.334375 0.2875
10 0.66640625 0.81484375 0.1875 0.36953125
10 0.8703125 0.78125 0.1921875 0.4375
10 0.68515625 0.49375 0.0796875 0.13828125
10 0.7734375 0.48984375 0.0671875 0.1375
10 0.8453125 0.48984375 0.05390625 0.1296875
10 0.490625 0.5484375 0.096875 0.1640625
10 0.3796875 0.5546875 0.1125 0.22265625
10 0.21953125 0.578125 0.153125 0.21640625
10 0.06875 0.6171875 0.1375 0.2078125
5 0.25390625 0.71953125 0.0578125 0.16640625
5 0.19609375 0.64921875 0.04765625 0.13671875
5 0.4 0.6703125 0.04453125 0.11328125
5 0.384375 0.584375 0.03828125 0.06875
5 0.54921875 0.63125 0.04296875 0.1
5 0.540625 0.55859375 0.03828125 0.065625
5 0.15859375 0.490625 0.034375 0.07890625
5 0.10234375 0.48984375 0.06015625 0.0640625
5 0.01328125 0.4984375 0.0265625 0.065625
5 0.9828125 0.49765625 0.034375 0.07734375
5 0.9125 0.4796875 0.0453125 0.08125
5 0.7796875 0.5453125 0.0328125 0.07578125
5 0.7546875 0.4421875 0.03125 0.0671875
5 0.70859375 0.5921875 0.053125 0.10546875
5 0.85703125 0.540625 0.03359375 0.0875