7 0.90078125 0.87109375 0.02890625 0.13359375
7 0.93359375 0.83203125 0.02734375 0.1703125
7 0.97421875 0.93203125 0.03046875 0.11796875
3 0.4640625 0.78203125 0.21328125 0.43515625
3 0.7171875 0.9171875 0.29375 0.16484375
3 0.70625 0.8015625 0.240625 0.225
3 0.35859375 0.5078125 0.10859375 0.1703125
3 0.228125 0.61171875 0.14765625 0.171875
3 0.4234375 0.49140625 0.06328125 0.1375
3 0.44609375 0.465625 0.0703125 0.128125
3 0.4953125 0.43046875 0.05 0.08828125
3 0.528125 0.4140625 0.03515625 0.07265625
3 0.5921875 0.49140625 0.09609375 0.1890625
3 0.696875 0.6125 0.10390625 0.121875
3 0.67734375 0.54296875 0.0921875 0.07265625
3 0.73671875 0.5109375 0.0640625 0.10625
9 0.8140625 0.65234375 0.12265625 0.0984375