1 0.20078125 0.6109375 0.28125 0.1078125
1 0.65078125 0.80859375 0.6984375 0.328125
7 0.4109375 0.5703125 0.13125 0.29453125
7 0.1078125 0.571875 0.06953125 0.121875
7 0.22734375 0.5640625 0.08984375 0.11875
7 0.54765625 0.6453125 0.0875 0.18046875
7 0.6125 0.63125 0.06171875 0.19296875
7 0.67734375 0.64296875 0.06796875 0.21328125
7 0.75390625 0.66484375 0.08125 0.19296875
7 0.83125 0.66484375 0.09453125 0.2234375
7 0.884375 0.6703125 0.0453125 0.17109375
7 0.95703125 0.6765625 0.0859375 0.209375