6 0.6328125 0.62265625 0.49140625 0.56875
6 0.84375 0.43203125 0.1609375 0.25
6 0.13984375 0.7796875 0.2796875 0.325
6 0.31640625 0.55234375 0.2671875 0.346875
6 0.134375 0.4203125 0.19765625 0.1765625
7 0.4953125 0.45859375 0.20078125 0.6203125
7 0.271875 0.4359375 0.103125 0.3125
7 0.33359375 0.45546875 0.1328125 0.46875
7 0.61171875 0.43125 0.18125 0.6984375
7 0.634375 0.38515625 0.096875 0.28671875
7 0.7859375 0.33515625 0.0859375 0.28984375
7 0.73984375 0.31875 0.0734375 0.2125
7 0.70390625 0.3015625 0.06171875 0.1734375
9 0.92734375 0.33046875 0.1453125 0.2640625