2 0.94609375 0.56640625 0.0734375 0.128125
5 0.8671875 0.60390625 0.034375 0.13984375
5 0.134375 0.8734375 0.07109375 0.21328125
5 0.509375 0.80234375 0.046875 0.203125
5 0.6609375 0.65390625 0.03671875 0.1359375
5 0.56875 0.70546875 0.05234375 0.1859375
8 0.490625 0.77890625 0.98125 0.4421875
7 0.23671875 0.45234375 0.21640625 0.69921875
7 0.47734375 0.63203125 0.11953125 0.3171875
7 0.38203125 0.51953125 0.07265625 0.1921875
7 0.59921875 0.578125 0.0828125 0.2765625
7 0.7734375 0.5359375 0.084375 0.2421875
7 0.87109375 0.546875 0.0765625 0.20625