6 0.80234375 0.69609375 0.26875 0.3953125
6 0.64609375 0.52265625 0.146875 0.1765625
6 0.4875 0.6546875 0.221875 0.29609375
6 0.378125 0.5921875 0.13125 0.209375
6 0.19765625 0.6703125 0.21953125 0.30234375
6 0.06953125 0.603125 0.13828125 0.23125
7 0.22265625 0.4875 0.09921875 0.26796875
7 0.11875 0.47890625 0.06171875 0.16328125
7 0.375 0.4546875 0.0765625 0.24921875
7 0.3109375 0.4578125 0.0546875 0.19296875
7 0.484375 0.428125 0.0875 0.27578125
7 0.58046875 0.3921875 0.05 0.17890625
7 0.62734375 0.409375 0.0359375 0.1671875
7 0.665625 0.4125 0.0578125 0.215625
7 0.73125 0.38359375 0.06484375 0.25
7 0.81796875 0.41328125 0.13203125 0.37578125