8 0.71875 0.83515625 0.5625 0.32890625
8 0.1125 0.71875 0.225 0.19375
8 0.2296875 0.57734375 0.203125 0.09453125
8 0.86875 0.64375 0.12578125 0.14609375
10 0.734375 0.67421875 0.14921875 0.16640625
10 0.9421875 0.66796875 0.115625 0.1453125
10 0.68203125 0.58671875 0.1015625 0.19296875
10 0.62265625 0.54921875 0.06796875 0.178125
10 0.4046875 0.61953125 0.07890625 0.2078125
10 0.275 0.74609375 0.09453125 0.28984375
10 0.15390625 0.83125 0.15859375 0.3375
10 0.034375 0.6390625 0.06875 0.19609375
10 0.10703125 0.56953125 0.10390625 0.12421875
7 0.315625 0.54140625 0.034375 0.21796875
7 0.2609375 0.52265625 0.059375 0.2109375
7 0.778125 0.54296875 0.0765625 0.153125
7 0.89765625 0.52578125 0.0609375 0.1609375
7 0.953125 0.54453125 0.0828125 0.23203125