0 0.0953125 0.6296875 0.17578125 0.3375
0 0.39375 0.534375 0.08203125 0.196875
0 0.4625 0.53203125 0.08671875 0.153125
0 0.56328125 0.534375 0.115625 0.1375
0 0.6859375 0.5453125 0.1609375 0.12578125
6 0.8140625 0.53984375 0.10625 0.13984375
6 0.2890625 0.51875 0.07265625 0.1484375
6 0.1953125 0.46796875 0.08046875 0.09140625
7 0.065625 0.515625 0.13125 0.42578125
7 0.38671875 0.4265625 0.06015625 0.17890625
7 0.459375 0.42265625 0.05390625 0.171875
7 0.51875 0.44140625 0.06015625 0.1921875
7 0.56484375 0.43671875 0.0640625 0.16484375
7 0.659375 0.44296875 0.07421875 0.203125
7 0.78359375 0.4671875 0.07890625 0.18671875