7 0.8765625 0.66640625 0.246875 0.6671875
10 0.10703125 0.790625 0.2140625 0.41875
7 0.775 0.46640625 0.071875 0.13125
7 0.60390625 0.40625 0.05390625 0.0734375
7 0.56796875 0.40078125 0.02421875 0.1078125
10 0.778125 0.5984375 0.10546875 0.21171875
10 0.64921875 0.6015625 0.07578125 0.1890625
10 0.53359375 0.6171875 0.121875 0.22421875
10 0.34453125 0.3984375 0.10078125 0.15546875
10 0.19921875 0.4375 0.13828125 0.221875
8 0.1890625 0.70703125 0.37734375 0.4703125
8 0.58828125 0.5828125 0.471875 0.25
7 0.78046875 0.36640625 0.05 0.0953125