3 0.23984375 0.61875 0.1671875 0.33984375
0 0.9375 0.74765625 0.09140625 0.20078125
0 0.90390625 0.7328125 0.10703125 0.22265625
9 0.0640625 0.81484375 0.128125 0.36953125
9 0.084375 0.690625 0.14765625 0.29765625
7 0.35078125 0.65703125 0.05625 0.18125
7 0.4171875 0.68046875 0.053125 0.2265625
7 0.4640625 0.634375 0.0421875 0.19921875
7 0.33125 0.6046875 0.02421875 0.14765625
7 0.72421875 0.8015625 0.071875 0.36328125
7 0.83125 0.81171875 0.075 0.3765625
7 0.66875 0.75625 0.0578125 0.23046875
7 0.5296875 0.6171875 0.03046875 0.109375