0 0.8171875 0.88671875 0.1796875 0.1984375
7 0.33203125 0.8546875 0.0921875 0.28984375
7 0.40546875 0.80625 0.08828125 0.24296875
7 0.5171875 0.69609375 0.03984375 0.19140625
7 0.45859375 0.6671875 0.0390625 0.1671875
7 0.5484375 0.71953125 0.04296875 0.19921875
7 0.6140625 0.771875 0.06484375 0.17421875
7 0.725 0.70078125 0.06640625 0.16171875
7 0.809375 0.75859375 0.04375 0.15625
7 0.9515625 0.6796875 0.0671875 0.20078125
7 0.8859375 0.59296875 0.08359375 0.14375
7 0.8078125 0.565625 0.05546875 0.14375
7 0.73125 0.53046875 0.0578125 0.12890625
7 0.6734375 0.5453125 0.0640625 0.1296875
7 0.6125 0.5859375 0.0625 0.1890625
7 0.5296875 0.54921875 0.0671875 0.1078125
7 0.45703125 0.565625 0.0578125 0.13046875
7 0.37265625 0.5765625 0.05703125 0.16640625
7 0.2890625 0.59140625 0.05 0.16484375