7 0.65 0.6328125 0.10234375 0.4359375
7 0.86171875 0.6375 0.0859375 0.3265625
7 0.80859375 0.8859375 0.18359375 0.228125
7 0.190625 0.9296875 0.16484375 0.13984375
7 0.06484375 0.79921875 0.1296875 0.4015625
7 0.13671875 0.6078125 0.171875 0.51796875
7 0.33125 0.66796875 0.09296875 0.47734375
7 0.45 0.61015625 0.1265625 0.53359375
7 0.74375 0.4140625 0.07109375 0.16640625
7 0.29140625 0.42421875 0.06875 0.1953125
10 0.55546875 0.80625 0.1046875 0.33515625
10 0.7421875 0.69921875 0.078125 0.20390625
10 0.96796875 0.790625 0.0640625 0.18203125
5 0.328125 0.94609375 0.06484375 0.10703125
5 0.259375 0.928125 0.06875 0.12734375
5 0.090625 0.9546875 0.0578125 0.090625