3 0.5609375 0.62890625 0.1796875 0.36015625
9 0.34609375 0.50625 0.13828125 0.08125
9 0.7109375 0.7125 0.0859375 0.20625
9 0.80703125 0.66953125 0.078125 0.146875
9 0.8703125 0.6296875 0.1015625 0.11796875
9 0.775 0.55859375 0.078125 0.13203125
9 0.71484375 0.58125 0.0875 0.13046875
9 0.6671875 0.596875 0.06640625 0.10234375
9 0.61796875 0.52265625 0.05859375 0.11875
9 0.6328125 0.45625 0.034375 0.0828125
9 0.6765625 0.49140625 0.06171875 0.06953125
9 0.72265625 0.4890625 0.053125 0.12265625
9 0.80703125 0.45 0.0515625 0.07890625
9 0.84609375 0.471875 0.06171875 0.06796875
9 0.9328125 0.47421875 0.0890625 0.06796875
9 0.7359375 0.43515625 0.096875 0.08359375
9 0.65625 0.4328125 0.08125 0.08671875
9 0.5890625 0.41640625 0.1 0.12578125
9 0.521875 0.4046875 0.0671875 0.0640625
9 0.46015625 0.41015625 0.0484375 0.09296875
9 0.56328125 0.34140625 0.0984375 0.115625
9 0.08671875 0.46015625 0.08671875 0.1046875
9 0.128125 0.47421875 0.06953125 0.09375
9 0.3265625 0.3765625 0.05078125 0.05546875
9 0.375 0.31953125 0.05078125 0.07578125
6 0.22265625 0.4484375 0.0625 0.1015625
6 0.828125 0.8078125 0.0609375 0.13125
6 0.90546875 0.83671875 0.07890625 0.11328125
6 0.93203125 0.75234375 0.0453125 0.0828125
6 0.9671875 0.6859375 0.065625 0.10625
6 0.92265625 0.640625 0.06484375 0.09296875