1 0.653125 0.834375 0.5015625 0.33125
1 0.7203125 0.74453125 0.2015625 0.2203125
1 0.85546875 0.66015625 0.25625 0.17421875
1 0.90859375 0.58203125 0.1828125 0.1578125
1 0.60546875 0.60078125 0.16796875 0.1703125
1 0.7046875 0.5328125 0.146875 0.1875
1 0.37578125 0.6578125 0.31953125 0.203125
1 0.1875 0.56640625 0.175 0.1609375
1 0.4203125 0.38828125 0.06484375 0.11171875
1 0.38359375 0.4109375 0.04140625 0.0765625
1 0.27890625 0.41328125 0.096875 0.10625
1 0.21484375 0.40703125 0.07890625 0.0890625
1 0.13046875 0.4125 0.0953125 0.0875
1 0.58984375 0.48671875 0.1703125 0.1125