7 0.22578125 0.39921875 0.13125 0.3640625
7 0.3515625 0.3609375 0.134375 0.37421875
8 0.3703125 0.6734375 0.53984375 0.4328125
8 0.08125 0.5234375 0.1625 0.253125
8 0.79375 0.7 0.33515625 0.434375
5 0.37109375 0.44765625 0.06484375 0.09609375
5 0.32265625 0.4390625 0.0796875 0.14375
5 0.2609375 0.4359375 0.02734375 0.0984375
5 0.23046875 0.440625 0.0375 0.103125
5 0.534375 0.46796875 0.0375 0.07265625
5 0.10546875 0.4390625 0.03125 0.0671875
5 0.0703125 0.4609375 0.059375 0.07578125
5 0.0328125 0.45390625 0.03046875 0.06171875