6 0.22109375 0.57265625 0.17265625 0.284375
6 0.40234375 0.55859375 0.2265625 0.26484375
6 0.4921875 0.584375 0.1828125 0.24453125
6 0.64296875 0.51640625 0.12421875 0.20625
7 0.290625 0.45625 0.08359375 0.23125
7 0.4203125 0.4328125 0.1265625 0.27265625
7 0.5453125 0.46171875 0.08515625 0.32265625
7 0.6875 0.38515625 0.10546875 0.23359375
7 0.7890625 0.3296875 0.0578125 0.14375
7 0.9046875 0.31640625 0.059375 0.11640625
7 0.3140625 0.35078125 0.03046875 0.075
7 0.3515625 0.3640625 0.015625 0.109375
7 0.06796875 0.403125 0.03828125 0.1328125
7 0.28671875 0.34453125 0.02421875 0.053125
7 0.65625 0.33515625 0.03046875 0.1125
9 0.6296875 0.66171875 0.740625 0.6546875