8 0.62734375 0.89453125 0.7453125 0.2109375
2 0.3625 0.78203125 0.04921875 0.21015625
2 0.55390625 0.753125 0.0546875 0.21875
2 0.59609375 0.7765625 0.0328125 0.16796875
7 0.10390625 0.67890625 0.0921875 0.5640625
7 0.175 0.51015625 0.08515625 0.3421875
7 0.05078125 0.54296875 0.10078125 0.4171875
7 0.27734375 0.5734375 0.11640625 0.3984375
7 0.340625 0.6 0.06640625 0.37421875
7 0.3890625 0.59453125 0.034375 0.35
7 0.44765625 0.53671875 0.06796875 0.36015625
7 0.53671875 0.54296875 0.0703125 0.2015625
7 0.590625 0.55 0.05625 0.26171875
7 0.6703125 0.54765625 0.07265625 0.4359375
10 0.20390625 0.8796875 0.1359375 0.23984375