7 0.53984375 0.5578125 0.07265625 0.21796875
4 0.07734375 0.77265625 0.15390625 0.16328125
4 0.2140625 0.7921875 0.0953125 0.13125
4 0.3671875 0.81015625 0.11953125 0.1234375
4 0.6171875 0.77578125 0.1046875 0.1890625
4 0.7578125 0.81796875 0.08515625 0.15859375
4 0.925 0.7953125 0.12578125 0.1140625
4 0.684375 0.70546875 0.0671875 0.08828125
4 0.4796875 0.68984375 0.05234375 0.065625
4 0.62265625 0.67890625 0.0578125 0.07109375
4 0.28515625 0.709375 0.071875 0.071875
4 0.21328125 0.709375 0.078125 0.08046875