7 0.17890625 0.24375 0.059375 0.18203125
7 0.20546875 0.23515625 0.03125 0.16328125
7 0.2515625 0.2609375 0.04609375 0.14140625
7 0.32421875 0.32421875 0.06015625 0.2921875
7 0.3578125 0.25078125 0.0484375 0.16171875
7 0.471875 0.3046875 0.0546875 0.27109375
7 0.53828125 0.309375 0.04375 0.23515625
7 0.5609375 0.259375 0.028125 0.12109375
7 0.5796875 0.2625 0.02734375 0.0984375
7 0.609375 0.3234375 0.04375 0.29609375
7 0.6671875 0.33515625 0.08359375 0.37578125
7 0.7546875 0.24453125 0.053125 0.20390625
7 0.79375 0.246875 0.06171875 0.2046875
7 0.8625 0.2328125 0.03515625 0.1546875
7 0.884375 0.28515625 0.04765625 0.23125
7 0.9359375 0.34375 0.05546875 0.3484375
10 0.8546875 0.4578125 0.07265625 0.196875
10 0.7453125 0.46015625 0.06875 0.1890625
10 0.2609375 0.434375 0.05625 0.13359375
10 0.23671875 0.38828125 0.04453125 0.09453125
10 0.05703125 0.5140625 0.1140625 0.225
8 0.51640625 0.7421875 0.903125 0.4359375
8 0.15 0.4546875 0.2671875 0.22265625
8 0.790625 0.41015625 0.25234375 0.13046875
2 0.06640625 0.34921875 0.02265625 0.0625
2 0.6875 0.58828125 0.05703125 0.26171875