2 0.27109375 0.35390625 0.08359375 0.29296875
2 0.94375 0.115625 0.06484375 0.23125
2 0.88671875 0.12734375 0.059375 0.2546875
2 0.803125 0.10703125 0.03828125 0.21328125
10 0.70546875 0.5484375 0.2109375 0.55859375
10 0.53203125 0.89921875 0.3625 0.2015625
10 0.3453125 0.28046875 0.228125 0.23984375
10 0.94375 0.71640625 0.11171875 0.56640625
5 0.32578125 0.56015625 0.13671875 0.1796875
5 0.74453125 0.11796875 0.05390625 0.1359375
5 0.609375 0.0890625 0.11640625 0.09453125
8 0.26484375 0.59609375 0.5296875 0.53046875