7 0.2875 0.49921875 0.11171875 0.3765625
7 0.4625 0.53125 0.07421875 0.25390625
7 0.1296875 0.5734375 0.15859375 0.2734375
7 0.91640625 0.540625 0.075 0.25546875
7 0.8234375 0.41640625 0.09375 0.25
7 0.71015625 0.434375 0.03125 0.1828125
7 0.66875 0.43515625 0.05 0.23671875
7 0.62578125 0.4109375 0.065625 0.17421875
7 0.55078125 0.421875 0.04765625 0.253125
7 0.51953125 0.425 0.05546875 0.20234375
7 0.43828125 0.403125 0.0625 0.196875
7 0.38984375 0.40234375 0.046875 0.1609375
7 0.1890625 0.4375 0.0515625 0.128125
10 0.10234375 0.68828125 0.2046875 0.3046875