2 0.4890625 0.45390625 0.06015625 0.31640625
5 0.77109375 0.625 0.13828125 0.17109375
5 0.18515625 0.753125 0.1734375 0.23359375
5 0.32578125 0.63046875 0.0765625 0.15703125
5 0.43671875 0.55859375 0.10390625 0.13671875
5 0.6390625 0.590625 0.0625 0.1296875
5 0.590625 0.53359375 0.0609375 0.1109375
7 0.9125 0.43671875 0.175 0.6078125
7 0.10390625 0.36171875 0.2078125 0.615625
7 0.2296875 0.390625 0.09921875 0.29609375
7 0.33984375 0.46953125 0.09375 0.19609375
7 0.39296875 0.39609375 0.09921875 0.20546875
7 0.6609375 0.45234375 0.09375 0.19453125