5 0.39140625 0.86875 0.0765625 0.178125
5 0.5 0.84453125 0.07421875 0.17109375
8 0.4 0.94375 0.26875 0.11171875
7 0.0984375 0.6171875 0.196875 0.60859375
7 0.02265625 0.18125 0.0453125 0.175
7 0.21015625 0.52421875 0.075 0.18046875
7 0.2578125 0.71640625 0.115625 0.28125
7 0.39921875 0.50078125 0.2265625 0.3828125
7 0.7296875 0.6265625 0.2421875 0.70234375
7 0.5078125 0.0640625 0.08203125 0.128125
7 0.4125 0.08515625 0.05 0.1703125
7 0.33671875 0.115625 0.06015625 0.17734375
7 0.25078125 0.1359375 0.05625 0.1328125