6 0.9109375 0.5515625 0.16796875 0.2765625
6 0.71015625 0.5125 0.19765625 0.253125
6 0.56015625 0.52265625 0.17109375 0.26953125
6 0.44765625 0.4765625 0.115625 0.225
7 0.315625 0.45 0.1765625 0.14140625
7 0.178125 0.30625 0.04296875 0.11328125
7 0.06796875 0.31015625 0.0359375 0.121875
7 0.34296875 0.259375 0.03203125 0.07734375
7 0.3046875 0.27734375 0.03125 0.09453125
7 0.27734375 0.2859375 0.02890625 0.09453125
7 0.253125 0.28515625 0.03671875 0.096875
7 0.38046875 0.2421875 0.01796875 0.04921875
7 0.31953125 0.2265625 0.01640625 0.0515625
7 0.3609375 0.24296875 0.0140625 0.0515625
7 0.6015625 0.38671875 0.1078125 0.27890625
7 0.515625 0.33125 0.0953125 0.1984375
7 0.3671875 0.31953125 0.06640625 0.153125
7 0.7765625 0.32265625 0.0578125 0.18515625
7 0.840625 0.2984375 0.05625 0.17890625
7 0.95625 0.375 0.0875 0.3
7 0.6875 0.31015625 0.02421875 0.10078125