7 0.5140625 0.68671875 0.0765625 0.3234375
7 0.4328125 0.64140625 0.0890625 0.2109375
7 0.33828125 0.56171875 0.05703125 0.21015625
7 0.2625 0.57734375 0.06171875 0.21953125
7 0.23671875 0.48359375 0.06328125 0.25390625
7 0.13515625 0.5265625 0.0734375 0.240625
7 0.7953125 0.77109375 0.08046875 0.3546875
7 0.9546875 0.6703125 0.090625 0.30625
7 0.878125 0.6140625 0.096875 0.2484375
7 0.73671875 0.56875 0.09140625 0.240625
7 0.653125 0.56640625 0.0875 0.22421875
7 0.590625 0.55 0.084375 0.19453125
7 0.503125 0.521875 0.06484375 0.15078125
7 0.43125 0.51953125 0.08125 0.16796875
10 0.9359375 0.8875 0.128125 0.22421875