7 0.91171875 0.56171875 0.05546875 0.265625
7 0.684375 0.55234375 0.05 0.22421875
7 0.6328125 0.54296875 0.04296875 0.2828125
7 0.59140625 0.54296875 0.03984375 0.2390625
7 0.553125 0.50390625 0.065625 0.234375
7 0.4875 0.5125 0.090625 0.26484375
7 0.4359375 0.50234375 0.06171875 0.2578125
7 0.4 0.51875 0.065625 0.2390625
7 0.3515625 0.53671875 0.06015625 0.27109375
7 0.3140625 0.51328125 0.06171875 0.2265625
7 0.26953125 0.5140625 0.07578125 0.2796875
7 0.19296875 0.50546875 0.084375 0.20390625
7 0.1546875 0.515625 0.06953125 0.21875
7 0.12890625 0.51796875 0.08046875 0.240625
7 0.0609375 0.4609375 0.078125 0.21171875
3 0.6265625 0.37109375 0.36015625 0.421875
3 0.88671875 0.38515625 0.2265625 0.2703125
9 0.76796875 0.54453125 0.140625 0.17421875
9 0.8578125 0.5125 0.0640625 0.153125
9 0.9515625 0.51328125 0.09609375 0.1375