10 0.69765625 0.76953125 0.12734375 0.28046875
10 0.84375 0.77578125 0.1296875 0.2890625
10 0.86484375 0.63125 0.10390625 0.06015625
10 0.71953125 0.60234375 0.05234375 0.146875
10 0.6484375 0.5890625 0.05703125 0.1078125
10 0.5703125 0.584375 0.05703125 0.1203125
8 0.84453125 0.7734375 0.253125 0.33515625
7 0.3421875 0.621875 0.07578125 0.45625
7 0.4859375 0.578125 0.096875 0.359375
7 0.52734375 0.52265625 0.0375 0.23671875
7 0.5734375 0.49921875 0.04453125 0.184375
7 0.615625 0.45859375 0.02578125 0.090625
7 0.640625 0.52109375 0.04765625 0.19453125
7 0.71015625 0.51875 0.05625 0.2375
7 0.765625 0.46015625 0.0296875 0.07734375