3 0.446875 0.52421875 0.55 0.52265625
9 0.1609375 0.60859375 0.07265625 0.14609375
9 0.06640625 0.6 0.1328125 0.12421875
7 0.53203125 0.55390625 0.04453125 0.15625
7 0.47734375 0.31640625 0.04140625 0.0984375
7 0.5546875 0.31484375 0.071875 0.1
7 0.58828125 0.534375 0.05078125 0.1140625
7 0.6515625 0.55234375 0.08046875 0.103125
7 0.9484375 0.6390625 0.103125 0.23203125
7 0.8671875 0.64921875 0.04765625 0.25546875
7 0.81953125 0.61796875 0.02734375 0.23828125
7 0.7796875 0.61796875 0.06328125 0.23515625
7 0.72578125 0.58828125 0.04296875 0.184375