9 0.771875 0.86875 0.45625 0.24375
6 0.11171875 0.88359375 0.1390625 0.23203125
6 0.27109375 0.909375 0.1859375 0.18125
6 0.60859375 0.834375 0.096875 0.15546875
7 0.42890625 0.81953125 0.034375 0.18515625
7 0.2296875 0.78125 0.03359375 0.1046875
7 0.2703125 0.78828125 0.02578125 0.1046875
7 0.221875 0.753125 0.0203125 0.06171875
7 0.25859375 0.73515625 0.01953125 0.0671875
7 0.33984375 0.81484375 0.03828125 0.17109375
7 0.296875 0.80546875 0.028125 0.11796875
7 0.378125 0.83828125 0.03515625 0.171875
7 0.36171875 0.7953125 0.02578125 0.1890625
7 0.428125 0.82265625 0.03359375 0.18671875
7 0.45546875 0.8265625 0.02890625 0.16484375
7 0.4375 0.80234375 0.0359375 0.1546875
7 0.56640625 0.78359375 0.021875 0.109375
7 0.52109375 0.7765625 0.0265625 0.12109375
7 0.5 0.77734375 0.0328125 0.109375
7 0.62890625 0.790625 0.0265625 0.1484375
7 0.88046875 0.74453125 0.03046875 0.08203125
7 0.85234375 0.753125 0.03125 0.065625