2 0.69609375 0.6171875 0.06640625 0.29609375
2 0.5859375 0.68125 0.08125 0.23203125
2 0.5171875 0.640625 0.05546875 0.28515625
2 0.31796875 0.53671875 0.01640625 0.16796875
5 0.10078125 0.51015625 0.04453125 0.1109375
5 0.396875 0.509375 0.025 0.08828125
8 0.6109375 0.73359375 0.778125 0.5328125
7 0.27421875 0.865625 0.5484375 0.26796875
7 0.19453125 0.7046875 0.3890625 0.23125
7 0.0359375 0.42109375 0.06484375 0.29140625
7 0.1234375 0.3828125 0.0953125 0.23515625
7 0.23203125 0.36640625 0.10703125 0.2609375
7 0.37109375 0.37734375 0.09453125 0.175
7 0.465625 0.37421875 0.1125 0.26875
7 0.56875 0.3796875 0.10859375 0.19140625
7 0.71328125 0.35 0.10703125 0.22734375
7 0.84453125 0.4109375 0.12265625 0.27109375
7 0.94375 0.51953125 0.1125 0.321875
5 0.02890625 0.35703125 0.0578125 0.08515625
5 0.64375 0.33515625 0.04609375 0.10703125
5 0.546875 0.35078125 0.0359375 0.05546875
5 0.44296875 0.396875 0.03828125 0.10625
5 0.94140625 0.42734375 0.04375 0.075
5 0.8625 0.4125 0.03671875 0.075