1 0.24765625 0.5453125 0.0921875 0.0671875
1 0.53359375 0.57578125 0.08046875 0.09453125
1 0.471875 0.5484375 0.05078125 0.07421875
1 0.39375 0.54765625 0.07421875 0.0859375
7 0.6515625 0.7234375 0.0265625 0.10546875
7 0.26328125 0.7609375 0.03203125 0.0859375
7 0.27578125 0.82109375 0.03671875 0.1390625
7 0.49375 0.7421875 0.03203125 0.11640625
7 0.51484375 0.73515625 0.02890625 0.1328125
7 0.53828125 0.75 0.03125 0.13203125
7 0.590625 0.72578125 0.04375 0.11796875
7 0.6046875 0.665625 0.03828125 0.07890625
7 0.40625 0.70078125 0.02890625 0.103125