3 0.48515625 0.60703125 0.77734375 0.284375
7 0.38359375 0.6 0.02265625 0.13125
7 0.4265625 0.59453125 0.03203125 0.128125
7 0.3546875 0.575 0.0390625 0.08515625
7 0.30234375 0.55234375 0.0375 0.14140625
7 0.26171875 0.58203125 0.02578125 0.08203125
7 0.1875 0.57109375 0.05234375 0.06015625
7 0.47421875 0.57578125 0.02734375 0.078125
7 0.5125 0.56953125 0.03046875 0.07734375
7 0.678125 0.54296875 0.03515625 0.08515625
7 0.71328125 0.54296875 0.03359375 0.06796875
7 0.7609375 0.54375 0.0359375 0.08671875
7 0.58125 0.5875 0.0421875 0.1359375