7 0.934375 0.30078125 0.13046875 0.48515625
7 0.69375 0.46328125 0.14765625 0.52421875
7 0.584375 0.33984375 0.071875 0.38046875
7 0.53046875 0.21640625 0.059375 0.17421875
7 0.509375 0.61796875 0.14765625 0.746875
7 0.40546875 0.3171875 0.1265625 0.48515625
7 0.28125 0.38984375 0.1953125 0.5734375
8 0.16484375 0.8640625 0.3296875 0.271875
8 0.91875 0.7703125 0.16171875 0.45859375
10 0.78046875 0.84375 0.33203125 0.3125
5 0.96484375 0.54921875 0.0703125 0.1328125
5 0.18203125 0.78671875 0.08046875 0.20625