1 0.26953125 0.8484375 0.1640625 0.17265625
1 0.3828125 0.77890625 0.1796875 0.16875
1 0.91484375 0.921875 0.13828125 0.1390625
1 0.88828125 0.834375 0.12265625 0.11875
1 0.83203125 0.78046875 0.04375 0.09453125
1 0.73828125 0.728125 0.1015625 0.10078125
1 0.70703125 0.67578125 0.07578125 0.1328125
1 0.63515625 0.66171875 0.1078125 0.13046875
1 0.3921875 0.66484375 0.05625 0.08046875
9 0.1234375 0.74140625 0.10625 0.14921875
9 0.0609375 0.76328125 0.10234375 0.1890625
9 0.19921875 0.6875 0.0625 0.109375
9 0.24765625 0.64296875 0.0578125 0.140625
9 0.33359375 0.64921875 0.07890625 0.10859375
9 0.9703125 0.75546875 0.059375 0.20625
9 0.87578125 0.6546875 0.17109375 0.196875