6 0.51640625 0.77734375 0.47265625 0.4453125
6 0.05703125 0.76328125 0.1140625 0.3921875
6 0.13359375 0.68046875 0.10703125 0.28671875
6 0.203125 0.5984375 0.096875 0.25
6 0.76875 0.5984375 0.24140625 0.328125
6 0.94453125 0.725 0.1109375 0.41875
7 0.40703125 0.43984375 0.11484375 0.39140625
7 0.0890625 0.49296875 0.059375 0.1765625
7 0.296875 0.50390625 0.0875 0.34375
7 0.61875 0.690625 0.1953125 0.5453125
7 0.76875 0.46796875 0.0546875 0.14765625
7 0.84453125 0.47421875 0.0640625 0.19375
7 0.9703125 0.45390625 0.059375 0.2515625
7 0.72578125 0.453125 0.04140625 0.1359375
7 0.69375 0.4484375 0.03828125 0.13515625
7 0.6765625 0.44609375 0.03984375 0.13359375
7 0.0296875 0.478125 0.05859375 0.171875
7 0.15703125 0.471875 0.03515625 0.12578125