3 0.87421875 0.5328125 0.2515625 0.19609375
3 0.44453125 0.49453125 0.196875 0.12578125
9 0.62265625 0.546875 0.1703125 0.12421875
9 0.90859375 0.590625 0.1828125 0.1140625
7 0.2546875 0.56640625 0.0484375 0.15546875
7 0.16015625 0.63984375 0.046875 0.2671875
7 0.11171875 0.57890625 0.053125 0.15078125
7 0.04921875 0.56796875 0.03515625 0.11953125
7 0.3171875 0.60703125 0.05390625 0.1765625
7 0.3515625 0.5984375 0.05 0.1671875
7 0.41875 0.603125 0.04140625 0.15625
7 0.47421875 0.62890625 0.03671875 0.2078125
7 0.5328125 0.69609375 0.06796875 0.253125
7 0.628125 0.6390625 0.0453125 0.27890625
7 0.65703125 0.628125 0.0515625 0.27421875
7 0.75625 0.696875 0.10625 0.3640625