10 0.4015625 0.828125 0.165625 0.30703125
10 0.20234375 0.8296875 0.2796875 0.296875
10 0.5953125 0.91015625 0.22109375 0.1796875
10 0.72265625 0.8625 0.1828125 0.1265625
10 0.5703125 0.79609375 0.190625 0.2140625
10 0.62734375 0.7578125 0.11640625 0.19296875
10 0.71171875 0.771875 0.071875 0.203125
10 0.76171875 0.76015625 0.0640625 0.17890625
10 0.153125 0.61953125 0.17890625 0.15546875
10 0.065625 0.5734375 0.10859375 0.2203125
8 0.2125 0.80703125 0.26328125 0.3078125
8 0.5140625 0.72421875 0.13125 0.1328125
8 0.41328125 0.62109375 0.09375 0.125
8 0.23515625 0.6453125 0.1734375 0.178125
8 0.82265625 0.93515625 0.34609375 0.12890625
5 0.78359375 0.8828125 0.0625 0.1328125
7 0.32109375 0.446875 0.06640625 0.13203125