6 0.33828125 0.63046875 0.2359375 0.28671875
6 0.48671875 0.63828125 0.1875 0.26015625
6 0.64375 0.6703125 0.25625 0.26484375
6 0.8046875 0.62734375 0.2078125 0.23828125
7 0.15546875 0.47421875 0.05703125 0.1359375
7 0.096875 0.5875 0.06640625 0.26953125
7 0.36015625 0.58984375 0.09453125 0.29140625
7 0.48984375 0.57265625 0.08984375 0.33359375
7 0.6109375 0.478125 0.04765625 0.15234375
7 0.65703125 0.57734375 0.078125 0.32109375
7 0.81796875 0.54140625 0.06484375 0.25
7 0.9125 0.50859375 0.0515625 0.1453125
7 0.878125 0.49609375 0.05390625 0.1328125
7 0.7 0.459375 0.06328125 0.10703125
7 0.05234375 0.58671875 0.06484375 0.25078125