4 0.32578125 0.7203125 0.2640625 0.30625
4 0.22265625 0.68359375 0.34921875 0.2796875
4 0.678125 0.59453125 0.11640625 0.17421875
4 0.90625 0.60546875 0.18671875 0.396875
4 0.91875 0.509375 0.1375 0.13828125
4 0.73984375 0.39921875 0.07421875 0.11875
4 0.54296875 0.40234375 0.06796875 0.10859375
4 0.47734375 0.275 0.06171875 0.10703125
4 0.23828125 0.2 0.0703125 0.13671875
4 0.1109375 0.171875 0.05 0.13359375
4 0.0265625 0.228125 0.0484375 0.16015625
4 0.9078125 0.34296875 0.07890625 0.09375
4 0.328125 0.36875 0.07265625 0.06953125