1 0.4109375 0.59140625 0.2609375 0.28984375
1 0.8015625 0.5515625 0.396875 0.21875
1 0.05703125 0.6640625 0.1140625 0.30234375
7 0.58125 0.678125 0.05625 0.1515625
7 0.81953125 0.71328125 0.05390625 0.0984375
7 0.56953125 0.728125 0.0546875 0.09140625
7 0.478125 0.7015625 0.06484375 0.11015625
10 0.715625 0.803125 0.1453125 0.16875
10 0.946875 0.74375 0.10625 0.16640625
10 0.834375 0.80390625 0.08046875 0.14453125
10 0.62421875 0.74921875 0.0640625 0.1109375
10 0.57578125 0.83359375 0.08671875 0.14921875
10 0.4875 0.81953125 0.09296875 0.15390625