7 0.2703125 0.79296875 0.109375 0.36484375
7 0.1515625 0.784375 0.1140625 0.371875
7 0.07265625 0.7515625 0.0828125 0.27734375
7 0.34296875 0.7390625 0.05625 0.28203125
7 0.5 0.703125 0.04140625 0.1546875
7 0.69765625 0.6875 0.03359375 0.115625
7 0.853125 0.7484375 0.0671875 0.2375
7 0.9765625 0.70234375 0.04609375 0.1328125
6 0.7125 0.79765625 0.1171875 0.10234375
6 0.9578125 0.81640625 0.084375 0.1375
6 0.5453125 0.71328125 0.028125 0.08828125
7 0.64921875 0.7203125 0.04375 0.09921875
7 0.575 0.68515625 0.040625 0.0984375
7 0.9 0.70859375 0.0328125 0.11328125
7 0.94609375 0.7109375 0.03046875 0.1109375
6 0.465625 0.74140625 0.046875 0.12734375
9 0.4296875 0.6703125 0.07890625 0.05546875
9 0.33984375 0.65234375 0.08984375 0.1359375