7 0.228125 0.68828125 0.0546875 0.18359375
7 0.17734375 0.68046875 0.05 0.1046875
7 0.165625 0.75546875 0.06328125 0.140625
7 0.36171875 0.73828125 0.0640625 0.1234375
7 0.328125 0.70078125 0.05625 0.17109375
6 0.7875 0.8671875 0.26484375 0.24140625
6 0.4140625 0.87109375 0.21640625 0.203125
6 0.565625 0.7984375 0.14765625 0.2609375
6 0.31015625 0.8375 0.13515625 0.16953125
6 0.8671875 0.73515625 0.265625 0.265625
6 0.709375 0.77890625 0.240625 0.33984375
6 0.07578125 0.84140625 0.1375 0.23984375
10 0.19296875 0.87734375 0.1 0.16796875