6 0.3671875 0.60625 0.1796875 0.21328125
6 0.60703125 0.60078125 0.15 0.1375
6 0.80859375 0.58203125 0.17578125 0.10390625
7 0.6171875 0.4796875 0.0625 0.175
7 0.35390625 0.515625 0.0703125 0.21875
7 0.38828125 0.34296875 0.05 0.16796875
7 0.3609375 0.35078125 0.0421875 0.15546875
7 0.3328125 0.35 0.04453125 0.14921875
7 0.284375 0.1890625 0.053125 0.16640625
7 0.32734375 0.171875 0.04453125 0.16640625
7 0.359375 0.1875 0.046875 0.14609375
7 0.38515625 0.1640625 0.0390625 0.159375
7 0.4234375 0.1875 0.03828125 0.1921875
7 0.565625 0.23671875 0.06328125 0.15625
7 0.52421875 0.2921875 0.0421875 0.2140625