8 0.784375 0.80625 0.23203125 0.35
8 0.33828125 0.85546875 0.234375 0.2890625
8 0.4125 0.67265625 0.1046875 0.1265625
10 0.60703125 0.76875 0.11640625 0.303125
10 0.9734375 0.71640625 0.053125 0.25546875
7 0.17421875 0.78046875 0.18671875 0.3921875
7 0.66875 0.70625 0.10546875 0.40625
7 0.328125 0.61328125 0.09765625 0.22890625
7 0.19609375 0.590625 0.06328125 0.1796875
7 0.51328125 0.59375 0.05390625 0.1734375
7 0.79375 0.6171875 0.0609375 0.18828125
7 0.8625 0.628125 0.078125 0.196875
7 0.42265625 0.56796875 0.05390625 0.1171875
7 0.58515625 0.57421875 0.0515625 0.121875
7 0.12421875 0.55546875 0.04765625 0.0765625
7 0.0453125 0.58828125 0.05859375 0.0765625