0 0.87890625 0.7578125 0.22734375 0.33203125
0 0.73984375 0.69375 0.1953125 0.2578125
0 0.57890625 0.6734375 0.2328125 0.246875
7 0.85625 0.490625 0.0546875 0.19375
7 0.78359375 0.48828125 0.0734375 0.1984375
7 0.6609375 0.47890625 0.04765625 0.1921875
7 0.61875 0.4703125 0.0390625 0.1796875
7 0.5546875 0.4875 0.06796875 0.2
7 0.496875 0.5125 0.0578125 0.20390625
7 0.43671875 0.54140625 0.07890625 0.278125
7 0.36328125 0.54296875 0.05 0.23515625
7 0.3265625 0.55625 0.03359375 0.265625
7 0.275 0.5515625 0.046875 0.25703125
7 0.225 0.4734375 0.0515625 0.19375
7 0.18046875 0.65625 0.0671875 0.45
7 0.0921875 0.63125 0.08125 0.48359375