8 0.12265625 0.68828125 0.2453125 0.2265625
8 0.73359375 0.71171875 0.21015625 0.309375
10 0.32578125 0.78984375 0.20078125 0.41953125
10 0.09375 0.89453125 0.1875 0.2109375
10 0.05234375 0.5734375 0.10390625 0.11328125
10 0.15625 0.5390625 0.05390625 0.08828125
10 0.59375 0.69453125 0.109375 0.35703125
10 0.89296875 0.8015625 0.14921875 0.3859375
10 0.4828125 0.66171875 0.08671875 0.290625
7 0.71484375 0.53515625 0.05703125 0.14765625
7 0.2984375 0.478125 0.0546875 0.1109375
7 0.23359375 0.50859375 0.0390625 0.12890625
7 0.05703125 0.47578125 0.1140625 0.24765625
7 0.5109375 0.48671875 0.059375 0.1109375
7 0.45859375 0.46875 0.04375 0.1265625
7 0.42265625 0.496875 0.04296875 0.11484375
7 0.6125 0.51484375 0.07890625 0.17109375
7 0.6484375 0.49453125 0.04140625 0.11328125
7 0.7234375 0.44453125 0.0515625 0.103125
7 0.796875 0.503125 0.05546875 0.13984375
7 0.8265625 0.52421875 0.053125 0.15625
7 0.878125 0.5421875 0.07109375 0.140625