7 0.678125 0.73828125 0.1390625 0.29296875
7 0.74453125 0.64453125 0.071875 0.15546875
7 0.90546875 0.51640625 0.04375 0.13515625
7 0.68515625 0.4703125 0.059375 0.1359375
7 0.525 0.4984375 0.04921875 0.175
7 0.04296875 0.5765625 0.08515625 0.18984375
7 0.340625 0.403125 0.05859375 0.2078125
7 0.63671875 0.24765625 0.05 0.14921875
7 0.69609375 0.24140625 0.040625 0.10625
7 0.95390625 0.47734375 0.03203125 0.090625
7 0.77734375 0.2328125 0.04453125 0.14453125
7 0.52421875 0.2453125 0.053125 0.109375
7 0.3 0.4078125 0.0203125 0.0546875