8 0.459375 0.890625 0.91875 0.21875
7 0.6671875 0.56875 0.14375 0.39453125
7 0.48671875 0.51015625 0.1296875 0.30703125
7 0.1859375 0.521875 0.09375 0.3859375
7 0.0953125 0.58046875 0.10546875 0.5875
5 0.3265625 0.73515625 0.0796875 0.1296875
5 0.54375 0.9 0.090625 0.19921875
5 0.92734375 0.92109375 0.1453125 0.15703125
5 0.421875 0.70859375 0.07578125 0.1875
5 0.5171875 0.73671875 0.0625 0.12421875
5 0.365625 0.65234375 0.05390625 0.1734375
5 0.31796875 0.63984375 0.05625 0.09609375
5 0.31640625 0.7296875 0.12578125 0.12734375