8 0.825 0.746875 0.33359375 0.21015625
5 0.92109375 0.62734375 0.0359375 0.10859375
5 0.83828125 0.62421875 0.04453125 0.1015625
5 0.76328125 0.6515625 0.0296875 0.05703125
5 0.40625 0.625 0.03671875 0.05390625
5 0.95625 0.5671875 0.03671875 0.05859375
10 0.59375 0.82578125 0.30625 0.3484375
10 0.56328125 0.63515625 0.08203125 0.14375
10 0.36328125 0.6515625 0.07265625 0.14375
8 0.4921875 0.72109375 0.23046875 0.2453125
7 0.4859375 0.54140625 0.03671875 0.11484375
7 0.4375 0.53046875 0.05625 0.11015625
7 0.58515625 0.53125 0.02578125 0.06484375
7 0.7359375 0.53359375 0.059375 0.10390625
7 0.77890625 0.54296875 0.03828125 0.14765625