6 0.628125 0.73359375 0.36796875 0.3859375
6 0.91171875 0.65078125 0.17578125 0.31640625
6 0.23125 0.5078125 0.13828125 0.21796875
6 0.3109375 0.4234375 0.134375 0.18828125
6 0.459375 0.57578125 0.178125 0.225
6 0.15546875 0.46640625 0.06484375 0.15234375
6 0.11484375 0.41015625 0.0703125 0.14453125
7 0.32265625 0.353125 0.1 0.19453125
7 0.21015625 0.40546875 0.09765625 0.28203125
7 0.1609375 0.34140625 0.0546875 0.23828125
7 0.10390625 0.36171875 0.04609375 0.21171875
7 0.01953125 0.39375 0.0296875 0.225
7 0.42109375 0.24921875 0.046875 0.09453125
7 0.40859375 0.440625 0.05078125 0.31875
7 0.465625 0.49296875 0.078125 0.4578125
7 0.515625 0.2578125 0.02890625 0.12109375
7 0.5265625 0.3421875 0.03984375 0.146875
7 0.57421875 0.325 0.0546875 0.234375
7 0.61015625 0.62890625 0.18203125 0.7421875
7 0.95390625 0.4171875 0.0921875 0.4390625
7 0.875 0.36953125 0.0796875 0.30625
7 0.759375 0.4359375 0.084375 0.34375
9 0.7453125 0.3359375 0.3296875 0.265625