2 0.4359375 0.58203125 0.05625 0.2078125
2 0.534375 0.5453125 0.053125 0.18671875
2 0.63828125 0.58984375 0.06015625 0.1609375
5 0.2703125 0.69453125 0.08828125 0.2484375
5 0.07578125 0.67890625 0.14453125 0.29375
5 0.22734375 0.56640625 0.0421875 0.1515625
5 0.3296875 0.54140625 0.05234375 0.109375
5 0.621875 0.85625 0.11015625 0.2875
7 0.96953125 0.5484375 0.0609375 0.65625
7 0.8828125 0.51640625 0.07265625 0.36328125
7 0.6609375 0.4265625 0.09375 0.23359375
7 0.55 0.41875 0.1109375 0.2421875
7 0.41015625 0.42890625 0.08046875 0.1890625
7 0.275 0.4484375 0.109375 0.2265625
7 0.134375 0.4421875 0.1171875 0.2640625
7 0.053125 0.4421875 0.08359375 0.284375
8 0.5125 0.759375 0.975 0.48046875