2 0.5109375 0.68203125 0.03359375 0.18984375
2 0.46328125 0.659375 0.03359375 0.17734375
2 0.4265625 0.6734375 0.03203125 0.20078125
2 0.59375 0.6609375 0.04921875 0.21875
5 0.64296875 0.690625 0.034375 0.09765625
5 0.6578125 0.7125 0.04453125 0.08125
5 0.38359375 0.6953125 0.05859375 0.14609375
5 0.353125 0.70546875 0.04296875 0.0765625
8 0.51015625 0.8046875 0.41171875 0.2484375
7 0.2890625 0.59375 0.09140625 0.2359375
7 0.44296875 0.53671875 0.11171875 0.259375
7 0.6046875 0.54609375 0.11640625 0.2484375
7 0.86171875 0.68046875 0.14921875 0.39609375
7 0.18671875 0.59453125 0.1765625 0.5953125
7 0.05234375 0.52265625 0.10390625 0.8078125