2 0.36640625 0.659375 0.05859375 0.16875
8 0.31953125 0.821875 0.4390625 0.2671875
8 0.61015625 0.66640625 0.23359375 0.2375
10 0.7109375 0.73828125 0.08671875 0.20625
7 0.209375 0.50625 0.1359375 0.30546875
7 0.0328125 0.4984375 0.065625 0.25546875
7 0.31640625 0.51640625 0.078125 0.1421875
7 0.371875 0.4921875 0.07265625 0.12265625
7 0.628125 0.53203125 0.0828125 0.14765625
7 0.578125 0.52109375 0.04140625 0.1296875
7 0.48515625 0.5203125 0.07265625 0.1375
7 0.75078125 0.5171875 0.05390625 0.134375