7 0.9078125 0.60390625 0.184375 0.55703125
2 0.1671875 0.28671875 0.046875 0.24296875
2 0.2359375 0.29140625 0.053125 0.15859375
2 0.2828125 0.30234375 0.0484375 0.17109375
2 0.3171875 0.309375 0.0375 0.18125
2 0.35859375 0.31015625 0.0484375 0.16953125
2 0.1328125 0.27109375 0.05546875 0.1609375
2 0.015625 0.28359375 0.03125 0.17734375
2 0.346875 0.49296875 0.05078125 0.1765625
2 0.3078125 0.4984375 0.06484375 0.19609375
2 0.27265625 0.50078125 0.0609375 0.2125
2 0.22265625 0.50859375 0.053125 0.18984375
2 0.1296875 0.5125 0.0453125 0.1890625
2 0.08671875 0.49453125 0.053125 0.14921875