3 0.1234375 0.5796875 0.20390625 0.22734375
3 0.278125 0.5640625 0.11484375 0.22734375
7 0.33984375 0.63125 0.0609375 0.15390625
7 0.303125 0.63046875 0.04453125 0.20390625
7 0.38203125 0.6203125 0.05625 0.10546875
7 0.4234375 0.6296875 0.0375 0.08828125
7 0.4546875 0.63125 0.0375 0.14296875
7 0.49609375 0.64453125 0.05859375 0.10234375
7 0.734375 0.64609375 0.0515625 0.1171875
7 0.87421875 0.64296875 0.04140625 0.1109375
7 0.915625 0.63984375 0.05703125 0.09296875
7 0.97578125 0.66796875 0.040625 0.15234375
9 0.65234375 0.61171875 0.0875 0.11484375