5 0.640625 0.75234375 0.2375 0.4953125
5 0.415625 0.61328125 0.1875 0.496875
5 0.1515625 0.6421875 0.3015625 0.3328125
5 0.29453125 0.3984375 0.17265625 0.26328125
5 0.11171875 0.4109375 0.20078125 0.2125
5 0.52265625 0.3921875 0.1359375 0.39609375
5 0.70859375 0.38125 0.16953125 0.3484375
5 0.8015625 0.26875 0.14296875 0.2734375
5 0.915625 0.6171875 0.16875 0.5796875
5 0.9578125 0.85859375 0.084375 0.2828125
2 0.378125 0.140625 0.1125 0.28125
2 0.33671875 0.20078125 0.11328125 0.2796875
2 0.2 0.23046875 0.12421875 0.37265625