10 0.02109375 0.690625 0.0421875 0.1484375
10 0.053125 0.6890625 0.0375 0.13359375
10 0.08984375 0.69609375 0.04765625 0.1859375
10 0.13046875 0.6828125 0.03828125 0.15390625
10 0.2671875 0.69296875 0.08046875 0.15390625
10 0.4734375 0.67265625 0.0546875 0.12578125
10 0.50859375 0.6375 0.0421875 0.10703125
7 0.9453125 0.57109375 0.109375 0.7953125
7 0.73359375 0.55390625 0.1515625 0.68984375
7 0.571875 0.55234375 0.2296875 0.7859375
7 0.39765625 0.5609375 0.2265625 0.7953125
7 0.20859375 0.51640625 0.25625 0.9671875