5 0.45390625 0.64375 0.09453125 0.16953125
5 0.53671875 0.496875 0.04765625 0.16015625
8 0.53203125 0.63359375 0.68046875 0.6125
7 0.09140625 0.51875 0.1640625 0.490625
7 0.17578125 0.234375 0.13046875 0.1921875
7 0.31484375 0.1734375 0.1125 0.1296875
7 0.42890625 0.16796875 0.05078125 0.09765625
7 0.4828125 0.1375 0.04296875 0.09921875
7 0.56015625 0.13984375 0.05703125 0.1078125
7 0.640625 0.1421875 0.06484375 0.121875
7 0.7171875 0.12265625 0.05234375 0.16484375
7 0.759375 0.128125 0.05 0.13046875
7 0.81328125 0.14375 0.0515625 0.12890625
7 0.85546875 0.06171875 0.0828125 0.12265625
7 0.95625 0.090625 0.0875 0.1515625
7 0.9109375 0.2484375 0.178125 0.23359375
7 0.8671875 0.55234375 0.2546875 0.74921875
7 0.50078125 0.309375 0.09296875 0.26796875
7 0.3734375 0.45625 0.18828125 0.29453125