9 0.22109375 0.6515625 0.44140625 0.32421875
9 0.4546875 0.57890625 0.4453125 0.28203125
9 0.4359375 0.42265625 0.3765625 0.18671875
9 0.46875 0.35078125 0.3515625 0.17421875
9 0.49765625 0.27421875 0.36640625 0.1390625
9 0.37890625 0.2 0.384375 0.11640625
9 0.8546875 0.30390625 0.290625 0.1859375
9 0.8796875 0.22109375 0.240625 0.1109375
9 0.83203125 0.16640625 0.3359375 0.153125
9 0.91484375 0.62421875 0.1703125 0.32578125
9 0.2109375 0.89453125 0.421875 0.21015625
9 0.06171875 0.27109375 0.1234375 0.24609375
9 0.140625 0.16171875 0.28046875 0.22890625
6 0.7609375 0.89140625 0.3 0.21640625
7 0.753125 0.709375 0.2046875 0.221875