7 0.32578125 0.45703125 0.11796875 0.33828125
7 0.5453125 0.46640625 0.06171875 0.196875
7 0.48671875 0.41953125 0.05078125 0.1625
7 0.43984375 0.43515625 0.059375 0.23046875
7 0.1859375 0.440625 0.06953125 0.1578125
7 0.05078125 0.44375 0.0953125 0.27734375
7 0.696875 0.39609375 0.0296875 0.11484375
7 0.665625 0.3921875 0.02890625 0.12890625
7 0.6 0.40234375 0.046875 0.12734375
6 0.7140625 0.4796875 0.07421875 0.11328125
6 0.64375 0.48046875 0.06796875 0.11484375
6 0.6015625 0.47734375 0.040625 0.134375
6 0.43984375 0.50859375 0.0765625 0.090625
6 0.29765625 0.68671875 0.15 0.26875
6 0.18359375 0.56875 0.08671875 0.15546875
6 0.03984375 0.62890625 0.07890625 0.19140625
6 0.54140625 0.575 0.10625 0.1859375
9 0.80859375 0.6953125 0.3828125 0.49375