6 0.634375 0.8515625 0.34375 0.296875
6 0.290625 0.83671875 0.225 0.3265625
7 0.59296875 0.72421875 0.12265625 0.534375
7 0.26171875 0.684375 0.1125 0.42109375
7 0.4515625 0.56328125 0.08359375 0.24140625
7 0.41640625 0.58984375 0.08671875 0.27890625
7 0.5390625 0.540625 0.065625 0.2484375
7 0.73671875 0.5765625 0.07265625 0.3359375
7 0.8171875 0.45390625 0.09765625 0.3203125
7 0.88671875 0.46171875 0.04921875 0.2640625
7 0.94375 0.45625 0.06171875 0.2859375
7 0.16171875 0.5890625 0.09921875 0.25625
7 0.35 0.5703125 0.06328125 0.27734375