9 0.05390625 0.49453125 0.1078125 0.12109375
9 0.20390625 0.478125 0.13359375 0.0921875
9 0.34375 0.43359375 0.08125 0.0828125
9 0.4546875 0.4578125 0.06796875 0.0984375
9 0.22265625 0.43515625 0.10234375 0.0796875
9 0.0390625 0.43046875 0.078125 0.08046875
9 0.53984375 0.4484375 0.1015625 0.0796875
9 0.64765625 0.4390625 0.06953125 0.10390625
9 0.8171875 0.43671875 0.084375 0.05546875
9 0.8640625 0.509375 0.09921875 0.12109375
9 0.928125 0.44453125 0.0609375 0.06875
9 0.959375 0.490625 0.08125 0.1
10 0.4 0.6703125 0.38984375 0.22734375
8 0.45703125 0.53671875 0.39921875 0.19609375