2 0.43125 0.828125 0.0671875 0.16015625
2 0.35234375 0.834375 0.05234375 0.159375
2 0.4703125 0.6515625 0.040625 0.1109375
2 0.5296875 0.67734375 0.04375 0.12890625
2 0.571875 0.69921875 0.0375 0.10234375
2 0.6609375 0.77734375 0.034375 0.125
2 0.68984375 0.753125 0.03515625 0.09375
2 0.73125 0.7578125 0.03125 0.11875
2 0.76796875 0.7796875 0.0328125 0.15078125
2 0.78828125 0.86328125 0.03203125 0.10078125
2 0.8296875 0.875 0.04375 0.10390625
2 0.8328125 0.78203125 0.03359375 0.1
2 0.865625 0.846875 0.046875 0.096875
2 0.93046875 0.85234375 0.0671875 0.125
2 0.61796875 0.68671875 0.05078125 0.06796875