6 0.41484375 0.65859375 0.5296875 0.6828125
7 0.34921875 0.55625 0.2609375 0.725
7 0.24296875 0.453125 0.16171875 0.6703125
7 0.5796875 0.334375 0.0890625 0.3578125
7 0.74453125 0.33359375 0.03828125 0.2828125
7 0.64453125 0.25 0.046875 0.20078125
7 0.65859375 0.29296875 0.0640625 0.246875
7 0.6828125 0.30859375 0.0703125 0.2734375
7 0.74765625 0.2765625 0.0625 0.26640625
7 0.915625 0.32890625 0.0734375 0.3375
7 0.32734375 0.22578125 0.04453125 0.16484375
7 0.1015625 0.25546875 0.05234375 0.18671875
7 0.2765625 0.18984375 0.0375 0.10859375