7 0.70703125 0.52734375 0.1859375 0.42578125
7 0.81328125 0.38203125 0.090625 0.225
7 0.896875 0.43828125 0.0609375 0.19453125
7 0.96328125 0.4421875 0.06953125 0.13671875
7 0.41328125 0.5359375 0.1578125 0.5375
7 0.18125 0.53125 0.2078125 0.60234375
7 0.0453125 0.37265625 0.090625 0.2453125
8 0.5421875 0.83984375 0.91484375 0.3203125
2 0.91328125 0.6328125 0.05625 0.23515625
2 0.490625 0.8 0.10078125 0.22890625
5 0.36484375 0.79140625 0.10703125 0.146875
5 0.57109375 0.74765625 0.08984375 0.1890625
5 0.775 0.88671875 0.16171875 0.2265625
5 0.9203125 0.840625 0.0984375 0.2359375
5 0.9734375 0.7203125 0.053125 0.1375