7 0.2703125 0.73125 0.125 0.53359375
7 0.0421875 0.70625 0.084375 0.49140625
7 0.36171875 0.728125 0.08984375 0.44140625
7 0.41640625 0.73203125 0.0796875 0.36875
7 0.4765625 0.68046875 0.05625 0.29140625
7 0.5296875 0.63046875 0.0859375 0.33984375
7 0.6703125 0.6515625 0.0703125 0.28828125
7 0.7765625 0.71484375 0.05625 0.296875
7 0.7421875 0.6796875 0.04296875 0.27265625
7 0.9125 0.70859375 0.06484375 0.275
7 0.8703125 0.68515625 0.06015625 0.26171875
7 0.82578125 0.7046875 0.04296875 0.31796875