5 0.7 0.8875 0.115625 0.22421875
5 0.915625 0.68203125 0.075 0.2171875
5 0.8609375 0.60078125 0.07421875 0.12578125
5 0.77109375 0.6375 0.06015625 0.19140625
8 0.10078125 0.4578125 0.2015625 0.23125
8 0.70859375 0.75546875 0.5828125 0.4859375
7 0.6578125 0.446875 0.29140625 0.496875
7 0.2578125 0.56796875 0.21953125 0.76796875
7 0.09140625 0.13359375 0.065625 0.203125
7 0.04140625 0.11953125 0.053125 0.17109375
7 0.446875 0.16171875 0.2 0.3234375
7 0.375 0.159375 0.06875 0.1515625
10 0.034375 0.6375 0.06875 0.30859375