3 0.62578125 0.68984375 0.43125 0.41640625
3 0.3453125 0.69609375 0.10234375 0.19375
7 0.85703125 0.74765625 0.03125 0.1296875
7 0.0796875 0.76953125 0.08046875 0.15703125
7 0.13125 0.778125 0.04140625 0.1703125
7 0.21171875 0.73046875 0.0546875 0.121875
7 0.9 0.75078125 0.03359375 0.0984375
7 0.9328125 0.7625 0.040625 0.1296875
7 0.95703125 0.7015625 0.03046875 0.1359375
7 0.984375 0.71484375 0.03125 0.1328125
7 0.684375 0.64765625 0.06796875 0.13046875
6 0.06328125 0.9171875 0.1265625 0.165625