10 0.81328125 0.6953125 0.2140625 0.175
10 0.76015625 0.61484375 0.1078125 0.11484375
10 0.28984375 0.8265625 0.09375 0.215625
10 0.19921875 0.91953125 0.12734375 0.1609375
10 0.52109375 0.64921875 0.05234375 0.1140625
10 0.45234375 0.68515625 0.0859375 0.1515625
7 0.33046875 0.690625 0.2125 0.2875
7 0.553125 0.50625 0.075 0.10078125
7 0.48671875 0.565625 0.06640625 0.0875
7 0.36640625 0.5671875 0.05390625 0.09453125
7 0.68203125 0.51796875 0.05078125 0.0703125
7 0.62421875 0.503125 0.0703125 0.103125
8 0.11953125 0.78984375 0.2390625 0.1578125
8 0.09609375 0.89453125 0.19140625 0.1734375
9 0.30703125 0.51953125 0.2359375 0.17421875
9 0.15703125 0.52734375 0.2078125 0.18984375