2 0.09375 0.84765625 0.08359375 0.2984375
2 0.08203125 0.49921875 0.05078125 0.159375
2 0.10625 0.4890625 0.03984375 0.20234375
2 0.17109375 0.49765625 0.04765625 0.19453125
2 0.2078125 0.48671875 0.040625 0.1765625
2 0.240625 0.48359375 0.04296875 0.2
2 0.28125 0.47109375 0.0421875 0.19140625
2 0.3296875 0.48125 0.059375 0.21171875
2 0.64375 0.465625 0.08984375 0.14296875
2 0.7078125 0.4625 0.05 0.0953125
2 0.75234375 0.46328125 0.0640625 0.11328125
2 0.80234375 0.421875 0.0609375 0.13046875
10 0.8375 0.82109375 0.29921875 0.3578125
10 0.66484375 0.71484375 0.1984375 0.4375
8 0.2515625 0.846875 0.503125 0.30546875
5 0.2296875 0.90703125 0.0703125 0.18359375