6 0.3015625 0.815625 0.28359375 0.36796875
10 0.575 0.73203125 0.13125 0.15
10 0.70703125 0.67890625 0.0765625 0.11953125
10 0.65390625 0.66875 0.06328125 0.0734375
10 0.5875 0.64296875 0.065625 0.04375
10 0.53125 0.64296875 0.06484375 0.05546875
10 0.6484375 0.63203125 0.05234375 0.04296875
10 0.6953125 0.62265625 0.059375 0.01875
10 0.540625 0.56640625 0.06484375 0.03671875
10 0.4828125 0.56796875 0.04609375 0.03828125
7 0.28046875 0.63359375 0.05078125 0.11640625
7 0.31015625 0.5890625 0.04140625 0.06875
7 0.34609375 0.59921875 0.05546875 0.0515625
7 0.4625 0.57734375 0.04375 0.08671875
7 0.409375 0.58828125 0.0359375 0.08046875
7 0.68203125 0.57421875 0.04453125 0.08515625
7 0.7484375 0.6015625 0.03125 0.0734375
7 0.78359375 0.590625 0.0234375 0.0796875
7 0.82265625 0.5875 0.0203125 0.053125
9 0.96796875 0.55859375 0.0578125 0.0703125
6 0.02421875 0.709375 0.04375 0.25546875
8 0.609375 0.69609375 0.14609375 0.11171875