9 0.840625 0.8 0.19296875 0.18359375
9 0.73671875 0.81328125 0.09765625 0.16015625
9 0.6984375 0.81328125 0.059375 0.13046875
9 0.57109375 0.73828125 0.0453125 0.0984375
9 0.5671875 0.69609375 0.02578125 0.07578125
9 0.57109375 0.675 0.03984375 0.08828125
9 0.40234375 0.73203125 0.065625 0.06796875
9 0.4234375 0.709375 0.0296875 0.05234375
9 0.42109375 0.678125 0.02890625 0.05390625
9 0.4421875 0.6515625 0.0421875 0.0875
9 0.06171875 0.81640625 0.1234375 0.140625
3 0.23359375 0.65546875 0.2765625 0.62109375