3 0.68359375 0.60546875 0.1765625 0.253125
9 0.8765625 0.62109375 0.075 0.0921875
9 0.72421875 0.86484375 0.10703125 0.10625
9 0.8 0.759375 0.090625 0.1125
9 0.93671875 0.4546875 0.0546875 0.06484375
9 0.81328125 0.51640625 0.065625 0.07421875
9 0.86015625 0.43671875 0.0625 0.08984375
9 0.9109375 0.38671875 0.053125 0.05703125
9 0.4390625 0.87578125 0.1203125 0.0734375
7 0.56875 0.78359375 0.03515625 0.10546875
7 0.45234375 0.8015625 0.04453125 0.08671875
7 0.41015625 0.7859375 0.0359375 0.09375
7 0.43984375 0.74140625 0.021875 0.09375
7 0.52109375 0.70625 0.02890625 0.08671875
7 0.5 0.70859375 0.03046875 0.08828125