7 0.628125 0.4484375 0.07578125 0.16328125
7 0.4890625 0.41484375 0.05625 0.1171875
7 0.421875 0.42265625 0.05 0.1359375
7 0.3828125 0.42421875 0.05625 0.1484375
7 0.3203125 0.42421875 0.0546875 0.1515625
10 0.11484375 0.55390625 0.06484375 0.203125
10 0.06953125 0.56328125 0.07265625 0.2265625
10 0.1921875 0.60625 0.0609375 0.1703125
10 0.24140625 0.5625 0.06015625 0.175
10 0.50390625 0.81875 0.18203125 0.3234375
10 0.84921875 0.72734375 0.1734375 0.2125
10 0.9109375 0.8625 0.1625 0.27421875
8 0.65546875 0.83046875 0.25703125 0.3390625