7 0.7171875 0.61953125 0.371875 0.7609375
7 0.25625 0.4703125 0.10234375 0.26015625
7 0.1203125 0.496875 0.1078125 0.22265625
7 0.37109375 0.42734375 0.07578125 0.19921875
7 0.403125 0.51640625 0.07109375 0.1984375
7 0.4734375 0.421875 0.071875 0.21328125
7 0.95859375 0.52734375 0.0828125 0.16953125
7 0.89296875 0.50234375 0.05078125 0.15859375
7 0.0375 0.565625 0.075 0.31875
5 0.5890625 0.55859375 0.05078125 0.1203125
5 0.56328125 0.54765625 0.04921875 0.11171875
5 0.54453125 0.58984375 0.05390625 0.10390625