8 0.5796875 0.634375 0.584375 0.73046875
5 0.48125 0.5578125 0.0734375 0.19140625
5 0.59765625 0.475 0.07734375 0.20234375
5 0.4359375 0.33046875 0.0640625 0.1359375
5 0.678125 0.85625 0.125 0.2875
5 0.55546875 0.91640625 0.16328125 0.16640625
5 0.4796875 0.803125 0.1328125 0.16953125
7 0.90703125 0.44140625 0.1859375 0.8734375
7 0.73359375 0.34765625 0.1921875 0.44921875
7 0.66484375 0.13046875 0.08984375 0.1453125
7 0.553125 0.2140625 0.10234375 0.2671875
7 0.3484375 0.215625 0.0765625 0.2578125
7 0.24609375 0.3046875 0.1328125 0.4859375
7 0.1609375 0.1515625 0.0703125 0.303125
7 0.05 0.37109375 0.1 0.73359375