9 0.46484375 0.44765625 0.15078125 0.14453125
9 0.4484375 0.65234375 0.14765625 0.14921875
9 0.76015625 0.7765625 0.2234375 0.2234375
9 0.9390625 0.8046875 0.121875 0.1296875
7 0.60859375 0.85 0.0828125 0.08671875
7 0.55625 0.56015625 0.04453125 0.040625
7 0.61015625 0.49375 0.08515625 0.0734375
7 0.68984375 0.5046875 0.09765625 0.075
7 0.72265625 0.584375 0.08046875 0.109375
7 0.8015625 0.64765625 0.07578125 0.0484375
6 0.42734375 0.55703125 0.08984375 0.059375
9 0.31796875 0.23828125 0.1078125 0.046875
9 0.2828125 0.1984375 0.04609375 0.05
9 0.28828125 0.15703125 0.0484375 0.03359375
9 0.35546875 0.15234375 0.0796875 0.0453125
9 0.2515625 0.2171875 0.08671875 0.071875