9 0.62265625 0.76953125 0.0375 0.07109375
9 0.540625 0.78515625 0.02890625 0.05
9 0.36953125 0.93828125 0.071875 0.1125
9 0.390625 0.8609375 0.028125 0.0640625
9 0.44375 0.82265625 0.028125 0.0609375
9 0.459375 0.77265625 0.02265625 0.0453125
9 0.50234375 0.73125 0.0265625 0.06015625
9 0.67265625 0.75234375 0.0296875 0.05390625
9 0.65 0.74609375 0.0359375 0.04453125
6 0.54765625 0.7296875 0.00625 0.02421875
6 0.534375 0.73046875 0.0140625 0.0296875
7 0.90390625 0.8640625 0.02578125 0.07890625
7 0.92890625 0.87578125 0.03203125 0.0859375
10 0.871875 0.89375 0.02109375 0.053125